402417.07587435615	4133031.829053968	0	0
402417.4146271042	4133031.772779553	0	0
402417.7808609287	4133031.7119427617	0	0
402418.13272860553	4133031.653486345	0	0
402418.4634704873	4133031.5985241844	0	0
402418.76737978804	4133031.5480633695	0	0
402419.17401888804	4133031.480451675	0	0
402419.5037384316	4133031.425642103	0	0
402419.80858614895	4133031.374998182	0	0
402420.1091614048	4133031.3250561664	0	0
402420.43288424343	4133031.2712994525	0	0
402420.73698428104	4133031.2232647827	0	0
402421.06106570124	4133031.1618481595	0	0
402421.3953247349	4133031.107923598	0	0
402421.7332229898	4133031.0496960585	0	0
402422.113479643	4133030.9846631046	0	0
402422.43617251306	4133030.9296551645	0	0
402422.8099441807	4133030.8659497197	0	0
402423.2895355505	4133030.7841778714	0	0
402423.63021090464	4133030.7260266254	0	0
402424.0481338785	4133030.6547070476	0	0
402424.3454284945	4133030.603971576	0	0
402424.71890261606	4133030.5402661273	0	0
402425.0732193268	4133030.4798260643	0	0
402425.4108581828	4133030.4221936194	0	0
402425.73429110425	4133030.3670330984	0	0
402426.1284942902	4133030.299757096	0	0
402426.43016055104	4133030.24827394	0	0
402426.76660922077	4133030.190900894	0	0
402427.1082687666	4133030.132597059	0	0
402427.41700747475	4133030.0802441584	0	0
402427.7133484178	4133030.0297680786	0	0
402428.0439148224	4133029.9630566584	0	0
402428.353225737	4133029.91198549	0	0
402428.65278628265	4133029.8593121516	0	0
402428.9734497362	4133029.8011303837	0	0
402429.81880190776	4133029.644727796	0	0
402430.1311493212	4133029.590879533	0	0
402430.4493561073	4133029.5345746027	0	0
402430.79450991604	4133029.47283754	0	0
402431.10014346114	4133029.4171582162	0	0
402431.4080963412	4133029.3622876103	0	0
402431.7288666061	4133029.3048840486	0	0
402432.0570678988	4133029.246107192	0	0
402432.3727264686	4133029.1896344153	0	0
402432.6749725613	4133029.1355725275	0	0
402432.9904938032	4133029.0790997464	0	0
402433.29689028737	4133029.0243054368	0	0
402433.6172790807	4133028.966962904	0	0
402433.9203796671	4133028.912702649	0	0
402434.2284851365	4133028.857542128	0	0
402434.53793337685	4133028.8022137596	0	0
402434.85829165514	4133028.744901749	0	0
402435.1574859893	4133028.6913586566	0	0
402435.46267703007	4133028.636747451	0	0
402435.76808169414	4133028.593092057	0	0
402436.0765991483	4133028.5347882234	0	0
402436.4032898223	4133028.512159439	0	0
402436.7085571576	4133028.492445083	0	0
402437.0095825479	4133028.463880628	0	0
402437.36570742656	4133028.4349347083	0	0
402437.6672973904	4133028.435499283	0	0
402437.9682159706	4133028.4205304086	0	0
402438.29409792816	4133028.438505264	0	0
402438.59684756247	4133028.435346695	0	0
402438.8966369915	4133028.468183612	0	0
402439.1977844524	4133028.4914685236	0	0
402439.49671938765	4133028.545225235	0	0
402439.7961731232	4133028.5993634183	0	0
402440.1188507355	4133028.6540356628	0	0
402440.40690615604	4133028.7417584374	0	0
402440.7021484646	4133028.8340588543	0	0
402440.98349001893	4133028.9427014315	0	0
402441.25363162	4133029.076047985	0	0
402441.5167236612	4133029.220762345	0	0
402441.8058929718	4133029.3684674236	0	0
402442.0620270062	4133029.560041517	0	0
402442.3222351345	4133029.7249279916	0	0
402442.5663757595	4133029.9055157644	0	0
402442.7960663129	4133030.1134472825	0	0
402443.0295257844	4133030.308683485	0	0
402443.24678042385	4133030.5222302363	0	0
402443.44067385595	4133030.7601757967	0	0
402443.62286379654	4133031.0207959116	0	0
402443.82011416415	4133031.2635785057	0	0
402443.99353030196	4133031.5156537034	0	0
402444.18440249446	4133031.787656876	0	0
402444.30714419344	4133032.062772845	0	0
402444.48522952007	4133032.316465471	0	0
402444.6139068877	4133032.6090985257	0	0
402444.7315368944	4133032.887647719	0	0
402444.85226443136	4133033.1657391535	0	0
402444.9706878945	4133033.445295426	0	0
402445.08396914444	4133033.7243481604	0	0
402445.1867676063	4133034.01330385	0	0
402445.29516604287	4133034.3102551424	0	0
402445.39482119447	4133034.600431534	0	0
402445.48703005665	4133034.88929567	0	0
402445.5684814731	4133035.178907485	0	0
402445.6534881867	4133035.481962295	0	0
402445.73155215156	4133035.7849713257	0	0
402445.8108520792	4133036.0864087064	0	0
402445.88705447037	4133036.3844891475	0	0
402445.9657287885	4133036.6938916133	0	0
402446.0488739287	4133037.0183850243	0	0
402446.12728884735	4133037.3558331453	0	0
402446.21221926715	4133037.6625500633	0	0
402446.2839355748	4133038.0113812424	0	0
402446.3569336215	4133038.314497084	0	0
402446.41598513536	4133038.6242505023	0	0
402446.47761538456	4133038.9278546264	0	0
402446.53883364704	4133039.2310925433	0	0
402446.5969238569	4133039.528669446	0	0
402446.6544494912	4133039.825071424	0	0
402446.7324066436	4133040.224607557	0	0
402446.7932434374	4133040.53635988	0	0
402446.8766022018	4133040.963407606	0	0
402446.955291776	4133041.3666668828	0	0
402447.01757815224	4133041.6856823876	0	0
402447.0870514206	4133042.0416699373	0	0
402447.15318301134	4133042.3804150517	0	0
402447.21601870446	4133042.702375507	0	0
402447.2746124559	4133043.002485367	0	0
402447.3439178756	4133043.357557387	0	0
402447.4104919705	4133043.6986676166	0	0
402447.46887209784	4133043.997709362	0	0
402447.53611758107	4133044.342298598	0	0
402447.6004944135	4133044.672041027	0	0
402447.6627197555	4133044.9907513577	0	0
402447.72427370906	4133045.3062115596	0	0
402447.7859344773	4133045.622251601	0	0
402447.8565674119	4133045.9842358544	0	0
402447.91487124306	4133046.2828045823	0	0
402447.97560122365	4133046.594099135	0	0
402448.0359497343	4133046.903272721	0	0
402448.10794070124	4133047.2721386836	0	0
402448.1638336468	4133047.573286149	0	0
402448.2216491986	4133047.876844495	0	0
402448.2808685584	4133048.1777935945	0	0
402448.3313751492	4133048.502180194	0	0
402448.39558413415	4133048.817960832	0	0
402448.45141604287	4133049.1335125878	0	0
402448.5214081084	4133049.5179425203	0	0
402448.58059695247	4133049.844633192	0	0
402448.65560915833	4133050.258405777	0	0
402448.7160949989	4133050.592115492	0	0
402448.7780914581	4133050.933988663	0	0
402448.83824160544	4133051.2658520644	0	0
402448.9045563021	4133051.6316357576	0	0
402448.9713592804	4133052.000272841	0	0
402449.0284424112	4133052.315137953	0	0
402449.0922241485	4133052.6755200317	0	0
402449.16853335244	4133053.0117932265	0	0
402449.22706606804	4133053.348707292	0	0
402449.286865263	4133053.6600171034	0	0
402449.3527832304	4133053.9890881483	0	0
402449.4109497347	4133054.3137036255	0	0
402449.4747314731	4133054.6410809476	0	0
402449.53646853496	4133054.9471417395	0	0
402449.5904236123	4133055.2819348285	0	0
402449.6484375287	4133055.5827618563	0	0
402449.70643618563	4133055.903684706	0	0
402449.7725677773	4133056.2625103886	0	0
402449.83702090126	4133056.6133557274	0	0
402449.90882876265	4133057.0044384915	0	0
402449.9820099152	4133057.4031353905	0	0
402450.0642547887	4133057.851102916	0	0
402450.127578763	4133058.195676896	0	0
402450.18356326164	4133058.500532238	0	0
402450.24264529074	4133058.8222943293	0	0
402450.30320742493	4133059.1517926184	0	0
402450.3582153602	4133059.4513379056	0	0
402450.41853335255	4133059.7795849764	0	0
402450.4847870163	4133060.140394303	0	0
402450.5466156282	4133060.4770337055	0	0
402450.6066284463	4133060.803632828	0	0
402450.6652527126	4133061.1448651263	0	0
402450.7318268105	4133061.438795181	0	0
402450.78675845196	4133061.750471205	0	0
402450.84896853287	4133062.077634903	0	0
402450.9107361128	4133062.397581193	0	0
402450.97138979763	4133062.7163983267	0	0
402451.0440674108	4133063.0969830477	0	0
402451.1046448043	4133063.4139233534	0	0
402451.17239382595	4133063.7685376126	0	0
402451.23405459407	4133064.09115419	0	0
402451.2948303507	4133064.4093914926	0	0
402451.3556671416	4133064.7280407897	0	0
402451.4354858687	4133065.1457806537	0	0
402451.503631619	4133065.5024548494	0	0
402451.564559965	4133065.821409316	0	0
402451.62182619947	4133066.1213055574	0	0
402451.68171694665	4133066.4348736694	0	0
402451.7516479767	4133066.8009930574	0	0
402451.8179321582	4133067.1480694744	0	0
402451.87867739616	4133067.466230482	0	0
402451.9383240037	4133067.7783947913	0	0
402452.00822451495	4133068.144392104	0	0
402452.08618166763	4133068.5526562613	0	0
402452.1457062047	4133068.8642102187	0	0
402452.2069244675	4133069.184599015	0	0
402452.2651825236	4133069.4894848797	0	0
402452.3237915326	4133069.7967053377	0	0
402452.3808136265	4133070.095304579	0	0
402452.4405670457	4133070.408063977	0	0
402452.5028229037	4133070.734159561	0	0
402452.5675659458	4133071.0729809706	0	0
402452.6286926543	4133071.3930035545	0	0
402452.6872864041	4133071.699766251	0	0
402452.74736025796	4133072.0144024794	0	0
402453.63246157626	4133076.7365246713	0	0
402453.6959686555	4133077.0600262596	0	0
402453.75630190683	4133077.3669568007	0	0
402453.8251495651	4133077.717329117	0	0
402453.8960113814	4133078.0778485243	0	0
402453.95635989157	4133078.384840103	0	0
402454.01455691375	4133078.6809521634	0	0
402454.0754242235	4133078.9905529935	0	0
402454.2088928508	4133079.4956799457	0	0
402454.327682524	4133080.0681134183	0	0
402454.3914184852	4133080.3648510855	0	0
402454.4253082567	4133080.697965712	0	0
402454.4589691446	4133081.0113659822	0	0
402454.4918518353	4133081.3205853407	0	0
402454.5073395064	4133081.6215191786	0	0
402454.52178957895	4133081.9425335857	0	0
402454.53376772924	4133082.244764419	0	0
402454.5356445593	4133082.5559521634	0	0
402454.5225982937	4133082.8601818965	0	0
402454.50422671175	4133083.1646557776	0	0
402454.4759369182	4133083.4659100496	0	0
402454.43000796356	4133083.7671490633	0	0
402454.37046816765	4133084.0668164217	0	0
402454.29568484303	4133084.3610669086	0	0
402454.1964721964	4133084.651807877	0	0
402454.11343386525	4133084.941373918	0	0
402454.00810244505	4133085.227705091	0	0
402453.88635256654	4133085.5281506497	0	0
402453.7379761018	4133085.79023561	0	0
402453.5844879423	4133086.0534954956	0	0
402453.4351501737	4133086.3147870004	0	0
402453.2593841827	4133086.5653363173	0	0
402453.09680178587	4133086.823637099	0	0
402452.92201235646	4133087.0685254047	0	0
402452.7238922403	4133087.2975598285	0	0
402452.5272827431	4133087.5298138554	0	0
402452.32910159125	4133087.765882581	0	0
402452.1227264695	4133087.983732314	0	0
402451.9135742459	4133088.2020550696	0	0
402451.70095828	4133088.4139538733	0	0
402451.4676666546	4133088.622648331	0	0
402451.24081423704	4133088.8218365614	0	0
402450.99668887194	4133089.021696184	0	0
402450.7558746614	4133089.202665421	0	0
402450.505294828	4133089.38120851	0	0
402450.24353030254	4133089.5640545757	0	0
402449.97479250934	4133089.7589703505	0	0
402449.71308901755	4133089.9223767226	0	0
402449.4466553017	4133090.0626202533	0	0
402449.1707916551	4133090.2132855346	0	0
402448.8970794967	4133090.344846816	0	0
402448.6142730997	4133090.4717236455	0	0
402448.3374176303	4133090.602369401	0	0
402448.0487366011	4133090.736509415	0	0
402447.76889040857	4133090.8467999413	0	0
402447.4759216583	4133090.972547621	0	0
402447.1826324751	4133091.0899792626	0	0
402446.8971252718	4133091.196516126	0	0
402446.58929446153	4133091.3203564584	0	0
402446.2906647021	4133091.415266129	0	0
402445.99769595196	4133091.5276928847	0	0
402445.71388247446	4133091.6276989873	0	0
402445.4114074981	4133091.7257061936	0	0
402445.11383059534	4133091.8272992093	0	0
402444.8178100864	4133091.925443739	0	0
402444.5144653611	4133092.0210400536	0	0
402444.20425417845	4133092.1104107792	0	0
402443.91369631724	4133092.1926556537	0	0
402443.61535647255	4133092.283674331	0	0
402443.31185915926	4133092.3624402024	0	0
402443.01495364076	4133092.4509564345	0	0
402442.70742800576	4133092.5363141005	0	0
402442.3952942175	4133092.6116467407	0	0
402442.09545901336	4133092.6894055293	0	0
402441.7830505645	4133092.7536145165	0	0
402441.48413088766	4133092.821546644	0	0
402441.18200686347	4133092.8903790414	0	0
402440.8894043241	4133092.957151505	0	0
402440.59106448205	4133093.0211621216	0	0
402440.2851562783	4133093.086622331	0	0
402439.9792633342	4133093.1556530898	0	0
402439.6831665329	4133093.213422865	0	0
402439.3798218055	4133093.274641125	0	0
402439.0812988573	4133093.3353558485	0	0
402438.7173767362	4133093.540525526	0	0
402438.38813784544	4133093.612455459	0	0
402438.061355618	4133093.675977795	0	0
402437.6703186314	4133093.7547589242	0	0
402437.3724060332	4133093.8159314096	0	0
402437.0556183139	4133093.884122938	0	0
402436.7389221464	4133093.947233291	0	0
402436.4401245409	4133094.0078564608	0	0
402436.0754242233	4133094.083067031	0	0
402435.7746124555	4133094.1434613173	0	0
402435.46725466684	4133094.20843324	0	0
402435.13903811364	4133094.2747326796	0	0
402434.81634524313	4133094.340650649	0	0
402434.5023193637	4133094.404935926	0	0
402434.2015228549	4133094.4681378286	0	0
402433.88415530126	4133094.5275860718	0	0
402433.58732607815	4133094.5887738164	0	0
402433.2780151642	4133094.6400433476	0	0
402432.9668884555	4133094.7039318974	0	0
402432.6556244185	4133094.7617932255	0	0
402432.3450775432	4133094.820753189	0	0
402432.04925539857	4133094.876295178	0	0
402431.7380218798	4133094.9348736717	0	0
402431.38577273284	4133095.0012188866	0	0
402431.0717621121	4133095.060346692	0	0
402430.7583160692	4133095.119367691	0	0
402430.450607328	4133095.165693371	0	0
402430.1435699752	4133095.2278881986	0	0
402429.821960477	4133095.283689593	0	0
402429.50163271837	4133095.3319836585	0	0
402429.17407229275	4133095.390684221	0	0
402428.8730774216	4133095.4386883676	0	0
402428.55252077983	4133095.491682145	0	0
402428.2155151659	4133095.5584088257	0	0
402427.90901186893	4133095.560331436	0	0
402427.5923767374	4133095.6220532386	0	0
402427.2603149696	4133095.6598034804	0	0
402426.92601016106	4133095.711195084	0	0
402426.61998751666	4133095.7301617563	0	0
402426.31376650825	4133095.7589703486	0	0
402425.9675369535	4133095.7526074364	0	0
402425.65454104426	4133095.78756532	0	0
402425.2994308749	4133095.809843153	0	0
402424.980140714	4133095.796613787	0	0
402424.66806795984	4133095.8065472576	0	0
402424.34046175797	4133095.780866717	0	0
402424.0136413864	4133095.784711929	0	0
402423.69522097637	4133095.7739697434	0	0
402423.39584353403	4133095.7134839003	0	0
402423.0676574999	4133095.7272778484	0	0
402422.76456454175	4133095.639188856	0	0
402422.46437075577	4133095.586759655	0	0
402422.1552810957	4133095.540021987	0	0
402421.85640719463	4133095.4464703505	0	0
402421.53060915944	4133095.3387127826	0	0
402421.22445681575	4133095.2318402245	0	0
402420.9422989164	4133095.1141949594	0	0
402420.6497421557	4133095.0102673485	0	0
402420.3634414956	4133094.8977642977	0	0
402420.0894394194	4133094.7618695227	0	0
402419.80919650034	4133094.629880997	0	0
402419.55442049913	4133094.4618664687	0	0
402419.2868500047	4133094.302869887	0	0
402419.0071487715	4133094.125333877	0	0
402418.7461395546	4133093.949964614	0	0
402418.5019378937	4133093.761777967	0	0
402418.24477389385	4133093.565061661	0	0
402418.01016238076	4133093.34882936	0	0
402417.7516937528	4133093.129270645	0	0
402417.53423312167	4133092.9132519662	0	0
402417.3294372836	4133092.6764050443	0	0
402417.15446475084	4133092.4298687866	0	0
402416.96543887013	4133092.180952164	0	0
402416.80732729874	4133091.86271486	0	0
402416.66793826094	4133091.5771923983	0	0
402416.5160064985	4133091.31771669	0	0
402416.35630038125	4133091.0214673	0	0
402416.20805361716	4133090.7460614177	0	0
402416.0637512481	4133090.4735852215	0	0
402415.9570083889	4133090.174879163	0	0
402415.8215256018	4133089.9043866135	0	0
402415.7099838528	4133089.611112682	0	0
402415.5780105883	4133089.3249340984	0	0
402415.50005343277	4133089.0229626615	0	0
402415.37390902394	4133088.7451916644	0	0
402415.2808914477	4133088.438657849	0	0
402415.1984710968	4133088.139509293	0	0
402415.12358859123	4133087.818647476	0	0
402415.0506363186	4133087.507276624	0	0
402414.9808731355	4133087.2091351454	0	0
402414.9173050219	4133086.909742445	0	0
402414.8452453904	4133086.5838604886	0	0
402414.7718735024	4133086.2530957176	0	0
402414.7011795323	4133085.9334546034	0	0
402414.62908175355	4133085.607709973	0	0
402414.55375674204	4133085.2673932025	0	0
402414.4880981726	4133084.9719677893	0	0
402414.4252243331	4133084.6579266507	0	0
402414.35339358216	4133084.3496228196	0	0
402414.3031006141	4133084.047102066	0	0
402414.23310854903	4133083.7448864873	0	0
402414.16584017803	4133083.382749648	0	0
402414.0962372109	4133083.0415936415	0	0
402414.0139313033	4133082.639509293	0	0
402413.93571475084	4133082.2580243056	0	0
402413.85009768343	4133081.8405743567	0	0
402413.780097989	4133081.4986248906	0	0
402413.69611361413	4133081.088331312	0	0
402413.5740204132	4133080.493436906	0	0
402413.5033417021	4133080.1488171546	0	0
402413.43790438515	4133079.8297711327	0	0
402413.3554306313	4133079.427671522	0	0
402413.26954653603	4133079.008833024	0	0
402413.1660309124	4133078.511747453	0	0
402413.08847811614	4133078.139692398	0	0
402413.0279465006	4133077.7872906616	0	0
402412.9659881878	4133077.4594098055	0	0
402412.90056612855	4133077.1354657128	0	0
402412.8195495879	4133076.7344494774	0	0
402412.7275314617	4133076.2681256235	0	0
402412.6576309479	4133075.908704847	0	0
402412.5914764678	4133075.5695630023	0	0
402412.5241089144	4133075.226453874	0	0
402412.4623184483	4133074.9123059255	0	0
402412.3904037757	4133074.545896623	0	0
402412.32035067485	4133074.1885357806	0	0
402412.24826815585	4133073.8209668105	0	0
402412.18640139553	4133073.5056134174	0	0
402412.12076571496	4133073.1710644676	0	0
402412.04888918926	4133072.8046704265	0	0
402411.94531252875	4133072.276701064	0	0
402411.8712768841	4133071.899335951	0	0
402411.80048373167	4133071.5384350717	0	0
402411.7346573168	4133071.2029705956	0	0
402411.6722641267	4133070.8849774324	0	0
402411.6113357835	4133070.5743542593	0	0
402411.53519442445	4133070.1861554114	0	0
402411.46173861355	4133069.8117199843	0	0
402411.39865115046	4133069.4900799734	0	0
402411.33341219963	4133069.1575756995	0	0
402411.2698898603	4133068.8338757446	0	0
402411.2057266506	4133068.506742571	0	0
402411.134490995	4133068.143613906	0	0
402411.076713589	4133067.8491345355	0	0
402410.99956515175	4133067.4559460604	0	0
402410.93106844765	4133067.1067639333	0	0
402410.86120608216	4133066.7506390554	0	0
402410.79396822944	4133066.407911394	0	0
402410.73117068346	4133066.089933485	0	0
402410.6752624785	4133065.7596722557	0	0
402410.6119613928	4133065.412839983	0	0
402410.548431425	4133065.0922223045	0	0
402410.5015487945	4133064.7848034827	0	0
402410.4369507106	4133064.438673109	0	0
402410.4092331206	4133064.1306591947	0	0
402410.3485183989	4133063.826398942	0	0
402410.3088608059	4133063.5235882695	0	0
402410.2656860632	4133063.2255230867	0	0
402410.2166824619	4133062.919782728	0	0
402410.1696853926	4133062.61079225	0	0
402410.09321596986	4133062.320173352	0	0
402410.05185702187	4133061.9992657634	0	0
402410.0009994785	4133061.6899090703	0	0
402409.9421768459	4133061.3909588777	0	0
402409.88482668856	4133061.0800457937	0	0
402409.8255462921	4133060.7768841693	0	0
402409.7705612463	4133060.471799944	0	0
402409.7117996488	4133060.156187147	0	0
402409.6567154218	4133059.860654919	0	0
402409.60039523116	4133059.558698746	0	0
402409.5443802167	4133059.258192155	0	0
402409.48926547065	4133058.962553117	0	0
402409.4314956955	4133058.6523724524	0	0
402409.3709106719	4133058.3265057504	0	0
402409.3094711593	4133057.9956494286	0	0
402409.23649599915	4133057.6030713036	0	0
402409.1781158736	4133057.288862317	0	0
402409.1203766143	4133056.9780407837	0	0
402409.05524447357	4133056.62733278	0	0
402408.9896927156	4133056.2746869028	0	0
402408.926399259	4133055.934080214	0	0
402408.8546600624	4133055.548521133	0	0
402408.7976455969	4133055.2423840496	0	0
402408.72057345335	4133054.8287030184	0	0
402408.65875246836	4133054.4971142695	0	0
402408.5997696204	4133054.180921642	0	0
402408.5355453766	4133053.836988537	0	0
402408.46955111506	4133053.4837933485	0	0
402408.3816528597	4133053.013822645	0	0
402408.3135834021	4133052.6502514794	0	0
402408.2428055082	4133052.2725048945	0	0
402408.13771822985	4133051.712492078	0	0
402408.06582644436	4133051.329618543	0	0
402408.0070648466	4133051.0168286287	0	0
402407.93186953536	4133050.616849992	0	0
402407.8260345742	4133050.0542584383	0	0
402407.7432022374	4133049.6143170297	0	0
402407.6710815702	4133049.2314892714	0	0
402407.5970459265	4133048.838651747	0	0
402407.53988650197	4133048.53547487	0	0
402407.4597473434	4133048.110487072	0	0
402407.3781128207	4133047.677595228	0	0
402407.3020172398	4133047.274168107	0	0
402407.241371183	4133046.952741714	0	0
402407.1334457677	4133046.380735488	0	0
402407.07552340464	4133046.0737744286	0	0
402406.99148562446	4133045.628416152	0	0
402406.9120407379	4133045.2073651254	0	0
402406.850860624	4133044.8832074115	0	0
402406.79382327077	4133044.580915542	0	0
402406.71281435894	4133044.151640033	0	0
402406.65029147145	4133043.820295423	0	0
402406.591484098	4133043.508680434	0	0
402406.51133730786	4133043.0838452308	0	0
402406.42285922094	4133042.614820571	0	0
402406.33530428907	4133042.150526139	0	0
402406.2749481494	4133041.830457778	0	0
402406.1861343675	4133041.359541032	0	0
402406.04992678564	4133040.6369305565	0	0
402405.99199679424	4133040.3294964726	0	0
402405.93422701687	4133040.022810076	0	0
402405.87775423896	4133039.7230359027	0	0
402405.7867279324	4133039.2397442786	0	0
402405.70095065027	4133038.784345717	0	0
402405.6440201079	4133038.4819928138	0	0
402405.58042910433	4133038.144331073	0	0
402405.4927826218	4133037.678724382	0	0
402405.4033203414	4133037.2033978403	0	0
402405.34735110134	4133036.9060040414	0	0
402405.28312685865	4133036.5646801894	0	0
402405.2237091352	4133036.248930069	0	0
402405.1595459273	4133035.907911392	0	0
402405.07117465005	4133035.438322159	0	0
402405.01532748196	4133035.1414166386	0	0
402404.95222476026	4133034.8060131976	0	0
402404.8659744547	4133034.3475171025	0	0
402404.7793731968	4133033.887006853	0	0
402404.6986847209	4133033.457990738	0	0
402404.63642123144	4133033.1269360515	0	0
402404.57875063753	4133032.8202191307	0	0
402404.49819949	4133032.3918438866	0	0
402404.4370422652	4133032.0665265014	0	0
402404.37841799716	4133031.754652118	0	0
402404.298339872	4133031.328611464	0	0
402404.2358246128	4133030.9961071895	0	0
402404.1782989775	4133030.689970108	0	0
402404.06156161154	4133030.0688305837	0	0
402403.9966888714	4133029.7235852187	0	0
402403.93887331884	4133029.4159375164	0	0
402403.88301852084	4133029.1186810457	0	0
402403.79963686975	4133028.674894426	0	0
402403.71478274185	4133028.223249525	0	0
402403.6360168748	4133027.804060073	0	0
402403.5755005162	4133027.4819851834	0	0
402403.51723483106	4133027.171880812	0	0
402403.4387359897	4133026.7540570227	0	0
402403.3776550576	4133026.428930373	0	0
402403.3206329624	4133026.1254178016	0	0
402403.24098971306	4133025.7016049353	0	0
402403.15554049425	4133025.246786208	0	0
402403.0952453901	4133024.9259091327	0	0
402403.01197054883	4133024.482709975	0	0
402402.926536588	4133024.0279904334	0	0
402402.8470535568	4133023.6050168006	0	0
402402.78585818195	4133023.2792874305	0	0
402402.7287597944	4133022.9753857595	0	0
402402.64923861437	4133022.552061171	0	0
402402.56361392	4133022.0962582557	0	0
402402.4791717806	4133021.646810623	0	0
402402.42031100206	4133021.333570572	0	0
402402.3335190107	4133020.8717785804	0	0
402402.25440218847	4133020.450925919	0	0
402402.19249728107	4133020.1215191768	0	0
402402.11898806546	4133019.730459304	0	0
402402.06036379666	4133019.4185009934	0	0
402401.98198702815	4133019.001440139	0	0
402401.90415957436	4133018.5873166043	0	0
402401.8189163497	4133018.1338406536	0	0
402401.7380295079	4133017.7035733177	0	0
402401.6499252593	4133017.2349453894	0	0
402401.5928192428	4133016.9311276386	0	0
402401.5307083407	4133016.600751969	0	0
402401.44487002306	4133016.144178481	0	0
402401.3587799355	4133015.6861477806	0	0
402401.2719345382	4133015.2242489774	0	0
402401.18594363215	4133014.7668133685	0	0
402401.09906771616	4133014.3047619783	0	0
402401.0132446576	4133013.8481961237	0	0
402400.92733767384	4133013.391271684	0	0
402400.84020236053	4133012.9277325566	0	0
402400.7542572309	4133012.4706479027	0	0
402400.6682129187	4133012.0128994873	0	0
402400.58256533585	4133011.5572339008	0	0
402400.4963684366	4133011.0986538846	0	0
402400.4103470135	4133010.6410122844	0	0
402400.3120880419	4133010.1184216477	0	0
402400.2263260175	4133009.6621838557	0	0
402400.14129641396	4133009.209821793	0	0
402399.99083712645	4133008.409422013	0	0
402399.91633608786	4133008.0131512615	0	0
402399.85531619034	4133007.688497637	0	0
402399.77568820014	4133007.2649746835	0	0
402399.68749239855	4133006.795896618	0	0
402399.60167696956	4133006.339269728	0	0
402399.52335360495	4133005.922025769	0	0
402399.4472503953	4133005.5161267235	0	0
402399.3909607205	4133005.215520948	0	0
402399.3115387239	4133004.791013808	0	0
402399.24675753544	4133004.444219682	0	0
402399.1900787639	4133004.140249341	0	0
402399.09718325466	4133003.641210646	0	0
402399.0400924954	4133003.3337994525	0	0
402398.9808349884	4133003.013891314	0	0
402398.9142837796	4133002.6539212163	0	0
402398.85479739076	4133002.3316098177	0	0
402398.7950287149	4133002.007063001	0	0
402398.7101669593	4133001.545415969	0	0
402398.6245346361	4133001.078191848	0	0
402398.5402984894	4133000.617452712	0	0
402398.45673373126	4133000.1589261014	0	0
402398.37219241133	4132999.6938076923	0	0
402398.28991701925	4132999.23997316	0	0
402398.2062683389	4132998.777311415	0	0
402398.1232452666	4132998.3171597444	0	0
402398.0411224637	4132997.8608609177	0	0
402397.94367983675	4132997.3179837214	0	0
402397.84673312213	4132996.776540848	0	0
402397.7686462683	4132996.3393383925	0	0
402397.7000808986	4132995.9568158095	0	0
402397.62756350427	4132995.5529461806	0	0
402397.558464078	4132995.1677227938	0	0
402397.47321322386	4132994.692060561	0	0
402397.4113464642	4132994.3466855003	0	0
402397.3335418989	4132993.912305924	0	0
402397.2596893581	4132993.500082105	0	0
402397.18898776046	4132993.105558488	0	0
402397.12232973997	4132992.7336789095	0	0
402397.0554275785	4132992.360380262	0	0
402396.9945907883	4132992.020849318	0	0
402396.93553164345	4132991.6911908123	0	0
402396.8674392993	4132991.311216447	0	0
402396.8003235137	4132990.936765762	0	0
402396.7281952183	4132990.534307574	0	0
402396.6624298381	4132990.1700726463	0	0
402396.6014633457	4132989.809011548	0	0
402396.5587539963	4132989.4766446087	0	0
402396.4994507112	4132989.1632748563	0	0
402396.4508743571	4132988.863935562	0	0
402396.39813235204	4132988.5360699603	0	0
402396.3715210234	4132988.1721554706	0	0
402396.3270569122	4132987.8684521634	0	0
402396.29299166676	4132987.564664932	0	0
402396.250267056	4132987.253103347	0	0
402396.2253799729	4132986.934446423	0	0
402396.18956759374	4132986.6329251234	0	0
402396.16899111605	4132986.3280011145	0	0
402396.14299014135	4132986.0073147747	0	0
402396.1343307769	4132985.6859341604	0	0
402396.11448672164	4132985.3682537973	0	0
402396.10487368563	4132985.043554396	0	0
402396.09921267355	4132984.713277908	0	0
402396.08499911265	4132984.400861831	0	0
402396.1149292275	4132984.060789201	0	0
402396.12357333215	4132983.75709352	0	0
402396.1181030544	4132983.4374829247	0	0
402396.14614870894	4132983.1359539954	0	0
402396.1867676056	4132982.8353558476	0	0
402396.23732760444	4132982.531850907	0	0
402396.2891083056	4132982.226720901	0	0
402396.3450470253	4132981.911108108	0	0
402396.3971329006	4132981.6043072673	0	0
402396.45906069723	4132981.296896072	0	0
402396.5256195358	4132981.001401992	0	0
402396.6287842086	4132980.6658764808	0	0
402396.6867142015	4132980.367521378	0	0
402396.79827120673	4132980.056821914	0	0
402396.86801150284	4132979.7436581547	0	0
402397.0117264082	4132979.4453946087	0	0
402397.1144790926	4132979.1369839646	0	0
402397.2984924589	4132978.856741042	0	0
402397.4219970975	4132978.5702801673	0	0
402397.54637148755	4132978.290121169	0	0
402397.69583895744	4132977.9949627835	0	0
402397.8876266762	4132977.761030292	0	0
402398.0411453533	4132977.4331723177	0	0
402398.24855807365	4132977.203306291	0	0
402398.39979556017	4132976.9282818777	0	0
402398.597564726	4132976.6958371107	0	0
402398.7992477691	4132976.4587002723	0	0
402399.00337221974	4132976.210088824	0	0
402399.2209549232	4132975.9722729656	0	0
402399.43328097224	4132975.74578676	0	0
402399.65105441003	4132975.520696732	0	0
402399.8770675947	4132975.3158932654	0	0
402400.10458376916	4132975.1056118924	0	0
402400.33487704163	4132974.901914689	0	0
402400.5596084872	4132974.698186964	0	0
402400.8195648468	4132974.506635757	0	0
402401.05944064196	4132974.3234768845	0	0
402401.3264389329	4132974.1273938133	0	0
402401.61093142425	4132973.9307080223	0	0
402401.875572233	4132973.771230788	0	0
402402.16890719463	4132973.6092053354	0	0
402402.4397659574	4132973.435148329	0	0
402402.71694186114	4132973.281293959	0	0
402402.9964828768	4132973.115903947	0	0
402403.2765350612	4132972.984541032	0	0
402403.53994753875	4132972.8333187993	0	0
402403.8089828782	4132972.697294327	0	0
402404.1038437167	4132972.5753460843	0	0
402404.43379214185	4132972.4420681912	0	0
402404.73647311184	4132972.3669644315	0	0
402405.023841885	4132972.266973588	0	0
402405.35144045705	4132972.15164766	0	0
402405.6450729648	4132972.067159741	0	0
402405.9379120158	4132972.0011273385	0	0
402406.2399521156	4132971.901235671	0	0
402406.5447922028	4132971.8185330364	0	0
402406.8565140047	4132971.741956802	0	0
402407.1698837554	4132971.649969191	0	0
402407.4721374789	4132971.578115555	0	0
402407.78161623806	4132971.4959240863	0	0
402408.0986633575	4132971.416082474	0	0
402408.401931792	4132971.350568865	0	0
402408.7312011998	4132971.264165967	0	0
402409.0284042649	4132971.1856137216	0	0
402409.33400729176	4132971.132597061	0	0
402409.6292496003	4132971.0719433744	0	0
402409.98642733484	4132970.994543169	0	0
402410.2939453408	4132970.9275723426	0	0
402410.60520175	4132970.8667202895	0	0
402410.90480807354	4132970.8034420954	0	0
402411.21282198874	4132970.7367688105	0	0
402411.50881960854	4132970.6840420673	0	0
402411.8163833903	4132970.625036328	0	0
402412.11761477403	4132970.5678463895	0	0
402412.5138855255	4132970.4924221956	0	0
402412.860076932	4132970.4258709857	0	0
402413.2984161647	4132970.3417263967	0	0
402413.84965517884	4132970.2359448425	0	0
402414.3334656032	4132970.1429882976	0	0
402414.69689944235	4132970.0732022244	0	0
402415.04282381944	4132970.006887527	0	0
402415.4566803249	4132969.9275647127	0	0
402415.8043060575	4132969.860937209	0	0
402416.2128830231	4132969.782590957	0	0
402416.5833435336	4132969.711576556	0	0
402416.91144564527	4132969.6486569373	0	0
402417.2612610135	4132969.58156404	0	0
402417.5676880156	4132969.5228024437	0	0
402417.9009323395	4132969.4588910034	0	0
402418.3425293247	4132969.3742047246	0	0
402418.76893618616	4132969.292425249	0	0
402419.15293887054	4132969.2187863304	0	0
402419.65822604223	4132969.1219082763	0	0
402420.135383633	4132969.0303860614	0	0
402420.4930267612	4132968.9618130643	0	0
402420.9243774701	4132968.879087541	0	0
402421.2298889436	4132968.8204937885	0	0
402421.5364990512	4132968.7616864187	0	0
402421.88584139827	4132968.694685072	0	0
402422.3498535429	4132968.6056881864	0	0
402422.70695498417	4132968.53720674	0	0
402423.03035738843	4132968.475187394	0	0
402423.33876040427	4132968.4160366985	0	0
402423.6939316074	4132968.3479214637	0	0
402424.0525360387	4132968.2791500976	0	0
402424.3749389922	4132968.2139416644	0	0
402424.68334963813	4132968.16311464	0	0
402425.0317917149	4132968.101575943	0	0
402425.3589096351	4132968.0378247243	0	0
402425.6707229896	4132967.9802456815	0	0
402425.9670868207	4132967.92659578	0	0
402426.2750778484	4132967.8700848576	0	0
402426.6280746735	4132967.805044265	0	0
402426.99417117063	4132967.7376767118	0	0
402427.32773592876	4132967.6763668945	0	0
402427.71720126166	4132967.604833693	0	0
402428.06852724997	4132967.5402813847	0	0
402428.42224123934	4132967.4752636864	0	0
402428.7491302765	4132967.4151593167	0	0
402429.11589053064	4132967.347753616	0	0
402429.42260744894	4132967.29138002	0	0
402429.80648806604	4132967.2208004906	0	0
402430.12936404167	4132967.1614438	0	0
402430.4254913612	4132967.107015701	0	0
402430.7642669961	4132967.0447522136	0	0
402431.10597231856	4132966.981939404	0	0
402431.588638334	4132966.893209549	0	0
402431.9405670445	4132966.828504651	0	0
402432.24449160584	4132966.7726422274	0	0
402432.6483917516	4132966.6984082186	0	0
402433.02490237274	4132966.629209608	0	0
402433.38815310394	4132966.562460035	0	0
402433.73178103426	4132966.499281022	0	0
402434.0654297151	4132966.437940686	0	0
402434.3816833766	4132966.3798275883	0	0
402434.68128970114	4132966.32476625	0	0
402435.04115298257	4132966.2586270263	0	0
402435.38397219696	4132966.1956082326	0	0
402435.700286893	4132966.137472244	0	0
402436.0273437784	4132966.077352613	0	0
402436.3369751258	4132966.02043733	0	0
402436.69029238546	4132965.9554883	0	0
402437.03346255305	4132965.892408461	0	0
402437.3924255656	4132965.826421828	0	0
402437.74114992976	4132965.7623349163	0	0
402438.1600952435	4132965.6853238046	0	0
402438.50558474386	4132965.6218090975	0	0
402438.8917999547	4132965.550832837	0	0
402439.25560000463	4132965.4839459388	0	0
402439.5957184115	4132965.4214306753	0	0
402439.9207153602	4132965.3616925217	0	0
402440.22877505276	4132965.305074781	0	0
402440.62260439753	4132965.232687091	0	0
402440.9352264687	4132965.1752301166	0	0
402441.2407989793	4132965.1190548902	0	0
402441.56259158015	4132965.0599118187	0	0
402441.88990786584	4132964.999746412	0	0
402442.25091555604	4132964.933393571	0	0
402442.55097964255	4132964.878240676	0	0
402442.87522891094	4132964.8186398493	0	0
402443.17234804947	4132964.7640362685	0	0
402443.5092010771	4132964.702131362	0	0
402443.82341006136	4132964.6443615872	0	0
402444.1228637985	4132964.5893307664	0	0
402444.46211245446	4132964.526983354	0	0
402444.75946047716	4132964.472334	0	0
402445.0560760788	4132964.4178067143	0	0
402445.41868594085	4132964.351118178	0	0
402445.7235565461	4132964.295057386	0	0
402446.0353088651	4132964.237775892	0	0
402446.3354797641	4132964.1825924814	0	0
