402465.9826202665	4132959.491106124	0	0
402466.0432739534	4132959.811475846	0	0
402466.0992431912	4132960.106916519	0	0
402466.161239652	4132960.4342633216	0	0
402466.2189789099	4132960.7390042264	0	0
402466.2754669478	4132961.0372792194	0	0
402466.33279421786	4132961.340162368	0	0
402466.3955536179	4132961.671556565	0	0
402466.4539032269	4132961.979650588	0	0
402466.5133362097	4132962.293371292	0	0
402466.5694275194	4132962.5895367563	0	0
402466.62704470614	4132962.8937588655	0	0
402466.6856689743	4132963.2033024747	0	0
402466.7427826219	4132963.5050679175	0	0
402466.799179105	4132963.8028813326	0	0
402466.855178862	4132964.098623366	0	0
402466.9118652632	4132964.3980618445	0	0
402466.9685364043	4132964.6973019578	0	0
402467.0261078157	4132965.0014325124	0	0
402467.0833740509	4132965.30387697	0	0
402467.1394958787	4132965.600019547	0	0
402467.1958771037	4132965.897558304	0	0
402467.25292971585	4132966.1986523587	0	0
402467.30905154103	4132966.4951764066	0	0
402467.3653412138	4132966.792654129	0	0
402467.42164614605	4132967.090192884	0	0
402467.48472598044	4132967.421865553	0	0
402467.54995730444	4132967.7637997563	0	0
402467.61611941364	4132968.1101361224	0	0
402467.6922149929	4132968.507093522	0	0
402467.7552948269	4132968.8351345966	0	0
402467.8239898969	4132969.1914425795	0	0
402467.89927676215	4132969.5807553246	0	0
402467.9771728801	4132969.981969923	0	0
402468.05990603456	4132970.4077130267	0	0
402468.11802676227	4132970.706121534	0	0
402468.17721560504	4132971.008932207	0	0
402468.23931887536	4132971.32618532	0	0
402468.3030853546	4132971.6518460237	0	0
402468.3729248327	4132972.007772537	0	0
402468.43902590795	4132972.344518753	0	0
402468.5068512251	4132972.690374466	0	0
402468.6090393337	4132973.211919877	0	0
402468.6787872585	4132973.5683957045	0	0
402468.75141909474	4132973.939237685	0	0
402468.82446291886	4132974.3127804715	0	0
402468.8928070357	4132974.662870502	0	0
402468.9682617463	4132975.049779985	0	0
402469.04505923326	4132975.4443722684	0	0
402469.1220093053	4132975.8406124995	0	0
402469.1980743688	4132976.233038039	0	0
402469.2770538602	4132976.6411038353	0	0
402469.35585024767	4132977.048940747	0	0
402469.4286194118	4132977.426389785	0	0
402469.51225283596	4132977.8611660893	0	0
402469.5929718297	4132978.2813626262	0	0
402469.6742859161	4132978.705595108	0	0
402469.7545471464	4132979.125120255	0	0
402469.83744814806	4132979.5591336205	0	0
402469.9199676801	4132979.991895763	0	0
402469.9985199264	4132980.404478164	0	0
402470.08415224875	4132980.8550168	0	0
402470.16899111774	4132981.301794143	0	0
402470.25404360803	4132981.750242324	0	0
402470.3494262968	4132982.253858658	0	0
402470.4371643349	4132982.71777162	0	0
402470.5375366486	4132983.2488919217	0	0
402470.62232974044	4132983.698133559	0	0
402470.7018890659	4132984.119855974	0	0
402470.78883364575	4132984.581182574	0	0
402470.86793520954	4132985.0010434124	0	0
402470.9540252961	4132985.458372209	0	0
402471.039794949	4132985.914053055	0	0
402471.12341311504	4132986.358373732	0	0
402471.2102813992	4132986.820287797	0	0
402471.29554751434	4132987.273565384	0	0
402471.38331606716	4132987.740270706	0	0
402471.47225954843	4132988.2134152353	0	0
402471.5539551066	4132988.647993178	0	0
402471.6412658975	4132989.1123867948	0	0
402471.7237854278	4132989.5512906015	0	0
402471.80917361233	4132990.0052929833	0	0
402471.89326479915	4132990.4525433504	0	0
402471.97213747865	4132990.8719769465	0	0
402472.0660248081	4132991.3712826706	0	0
402472.14991763013	4132991.817487808	0	0
402472.232498196	4132992.2564984313	0	0
402472.31748965196	4132992.708471387	0	0
402472.4009399691	4132993.1520596496	0	0
402472.47749331314	4132993.559072583	0	0
402472.5616150189	4132994.006055924	0	0
402472.64422610286	4132994.445165724	0	0
402472.7423858925	4132994.967100236	0	0
402472.800888089	4132995.2779599167	0	0
402472.8833465864	4132995.716451736	0	0
402472.9654693877	4132996.1536007817	0	0
402473.04133608803	4132996.557676407	0	0
402473.1246032994	4132997.0016156174	0	0
402473.2059936796	4132997.4358349754	0	0
402473.2906036658	4132997.887853713	0	0
402473.36967471143	4132998.3107052776	0	0
402473.4567718798	4132998.776891799	0	0
402473.538482693	4132999.215025037	0	0
402473.61386111187	4132999.6196347177	0	0
402473.6970520312	4133000.066610427	0	0
402473.77653506293	4133000.494268508	0	0
402473.85795596015	4133000.9327679616	0	0
402473.93869021384	4133001.368169875	0	0
402474.01316836383	4133001.770170306	0	0
402474.09588625806	4133002.217283342	0	0
402474.17268374405	4133002.6324902507	0	0
402474.25375369017	4133003.0714245755	0	0
402474.3334656042	4133003.503423784	0	0
402474.40840151685	4133003.909879775	0	0
402474.4899444856	4133004.352491469	0	0
402474.5668335232	4133004.7700711223	0	0
402474.6469269069	4133005.205427259	0	0
402474.72529604775	4133005.6315136882	0	0
402474.80244448676	4133006.0540677006	0	0
402474.88935854816	4133006.537298295	0	0
402474.9765625285	4133007.0199337895	0	0
402475.0720520308	4133007.542501541	0	0
402475.1487427035	4133007.959371657	0	0
402475.22094729485	4133008.3556347783	0	0
402475.30035403126	4133008.799680801	0	0
402475.37197878736	4133009.2044735886	0	0
402475.44978335267	4133009.6380673354	0	0
402475.52792361105	4133010.066740126	0	0
402475.61001589673	4133010.513105481	0	0
402475.690094023	4133010.9490338266	0	0
402475.7644348428	4133011.3629361102	0	0
402475.85142519994	4133011.8508130033	0	0
402475.93164065393	4133012.2930432293	0	0
402476.01080325135	4133012.7205105745	0	0
402476.09416201466	4133013.162794204	0	0
402476.175033598	4133013.595380874	0	0
402476.2510376262	4133014.0108853295	0	0
402476.330917386	4133014.4560147272	0	0
402476.40814211743	4133014.8915844895	0	0
402476.482498196	4133015.3210278484	0	0
402476.5577545441	4133015.765508744	0	0
402476.6320648467	4133016.210943315	0	0
402476.6990509305	4133016.620695206	0	0
402476.7757568648	4133017.0810528733	0	0
402476.85212710383	4133017.522260755	0	0
402476.92967226973	4133017.9639645526	0	0
402477.00453188876	4133018.3990384047	0	0
402477.07968142524	4133018.8418484638	0	0
402477.1590729043	4133019.3107510516	0	0
402477.23159792955	4133019.757268995	0	0
402477.30461123463	4133020.1852856604	0	0
402477.38093569654	4133020.6030179	0	0
402477.4554443647	4133020.9944439842	0	0
402477.5373993203	4133021.4198590256	0	0
402477.61923220614	4133021.8425351097	0	0
402477.7004699992	4133022.26151094	0	0
402477.78065493476	4133022.6716977097	0	0
402477.865524321	4133023.093443008	0	0
402477.94888308435	4133023.5058041518	0	0
402478.0241394332	4133023.880170914	0	0
402478.1084137242	4133024.2961255033	0	0
402478.190917996	4133024.697591871	0	0
402478.2730713183	4133025.0893765404	0	0
402478.3554840367	4133025.4737912156	0	0
402478.43910220027	4133025.863531201	0	0
402478.5203705117	4133026.2473355257	0	0
402478.59445193247	4133026.6004696814	0	0
402478.67778017843	4133026.9940472534	0	0
402478.76046755834	4133027.373128983	0	0
402478.8427429471	4133027.75383577	0	0
402478.92196657986	4133028.1242505014	0	0
402479.00296023226	4133028.504316423	0	0
402479.0835113803	4133028.881681536	0	0
402479.1588440221	4133029.228300184	0	0
402479.2451629928	4133029.610502333	0	0
402479.3295440947	4133029.9837628338	0	0
402479.4273834517	4133030.4218884404	0	0
402479.5044708537	4133030.7756482083	0	0
402479.5910187048	4133031.1653424236	0	0
402479.6722107225	4133031.5364056528	0	0
402479.7474365516	4133031.8879376366	0	0
402479.83586123335	4133032.2927838275	0	0
402479.91839602427	4133032.6624585106	0	0
402480.00212099927	4133033.044004531	0	0
402480.0874481483	4133033.441251846	0	0
402480.1787414843	4133033.851469131	0	0
402480.26623537974	4133034.215742203	0	0
402480.360000639	4133034.629377456	0	0
402480.45195010235	4133035.0558300917	0	0
402480.5300445828	4133035.4345684936	0	0
402480.61375429976	4133035.8491650545	0	0
402480.7006531047	4133036.2914105332	0	0
402480.7836914354	4133036.7034283583	0	0
402480.8747711468	4133037.1228924682	0	0
402480.96864321554	4133037.562299821	0	0
402481.06356814253	4133038.028104872	0	0
402481.14134219056	4133038.431898208	0	0
402481.26370242063	4133039.129697888	0	0
402481.3407135292	4133039.5855236957	0	0
402481.42250063777	4133040.048887345	0	0
402481.5101471231	4133040.527952284	0	0
402481.63906863116	4133041.244855971	0	0
402481.7041778843	4133041.6495953524	0	0
402481.77401736286	4133042.106702898	0	0
402481.8459320351	4133042.562742324	0	0
402481.9116668986	4133042.962385267	0	0
402481.98696902243	4133043.4033642714	0	0
402482.061630278	4133043.830503553	0	0
402482.1223297398	4133044.2041912973	0	0
402482.18318178994	4133044.6136761634	0	0
402482.24270632706	4133045.006010147	0	0
402482.30223086395	4133045.374342055	0	0
402482.3657989792	4133045.7483807523	0	0
402482.42921450664	4133046.1164227435	0	0
402482.4853210737	4133046.4452038705	0	0
402482.5458221721	4133046.80787477	0	0
402482.59985354316	4133047.156400773	0	0
402482.64955141995	4133047.4996472322	0	0
402482.6960907264	4133047.822599501	0	0
402482.7405853543	4133048.148573011	0	0
402482.7956848423	4133048.462446304	0	0
402482.8793945583	4133048.91119203	0	0
402482.93174746353	4133049.2187786996	0	0
402482.9828644071	4133049.5227642967	0	0
402483.0837250028	4133050.1346722553	0	0
402483.14031985286	4133050.5099774287	0	0
402483.2021332069	4133050.9143353417	0	0
402483.2678528108	4133051.3189221313	0	0
402483.3339233675	4133051.704923721	0	0
402483.3913879675	4133052.044248669	0	0
402483.4396057402	4133052.3405133183	0	0
402483.49905398226	4133052.7168103154	0	0
402483.5577087681	4133053.0909710834	0	0
402483.6182403856	4133053.4766369797	0	0
402483.67437747016	4133053.830961317	0	0
402483.74865725474	4133054.2834607083	0	0
402483.80717471126	4133054.6172619774	0	0
402483.8874969754	4133055.0374890286	0	0
402483.9533081339	4133055.409788223	0	0
402484.0175781526	4133055.818037122	0	0
402484.06707766594	4133056.1318036034	0	0
402484.11514285137	4133056.4386425945	0	0
402484.16613772453	4133056.755781267	0	0
402484.2257690701	4133057.1121655405	0	0
402484.2837372106	4133057.414869401	0	0
402484.34854128875	4133057.748365493	0	0
402484.4236450468	4133058.0630322406	0	0
402484.4728851595	4133058.38508424	0	0
402484.5298919966	4133058.739378069	0	0
402484.5885315224	4133059.0588513287	0	0
402484.6396179472	4133059.375181288	0	0
402484.71350100485	4133059.7205334604	0	0
402484.765884427	4133060.0381451547	0	0
402484.8318481724	4133060.348112197	0	0
402484.89439394913	4133060.658521745	0	0
402484.9488067903	4133060.9622326787	0	0
402485.00888064253	4133061.285154435	0	0
402485.0663605008	4133061.5934430086	0	0
402485.133636503	4133061.921537489	0	0
402485.1962280546	4133062.236311051	0	0
402485.25282290345	4133062.531446547	0	0
402485.3177643097	4133062.8872662503	0	0
402485.3893432905	4133063.245328996	0	0
402485.455032376	4133063.578397843	0	0
402485.51165774313	4133063.8813610994	0	0
402485.5685882844	4133064.181699845	0	0
402485.6302643113	4133064.5046368563	0	0
402485.6934509549	4133064.818479629	0	0
402485.76260378753	4133065.157987688	0	0
402485.826751736	4133065.481687639	0	0
402485.8854675583	4133065.7875195453	0	0
402485.95709231304	4133066.150907608	0	0
402486.02398684516	4133066.4835949834	0	0
402486.0842590613	4133066.794508071	0	0
402486.1468048373	4133067.1150952284	0	0
402486.2135162633	4133067.4563580453	0	0
402486.27587893367	4133067.7757245027	0	0
402486.3442230499	4133068.1257000873	0	0
402486.4066162384	4133068.4450818	0	0
402486.46900942724	4133068.764463516	0	0
402486.5268860144	4133069.060804459	0	0
402486.58737185446	4133069.3704663264	0	0
402486.641281157	4133069.6723462064	0	0
402486.6956024441	4133069.974897476	0	0
402486.750915555	4133070.307844251	0	0
402486.81201174704	4133070.6597119295	0	0
402486.8408203395	4133070.9730206425	0	0
402486.8931579875	4133071.3023968623	0	0
402486.91923525865	4133071.6303540217	0	0
402486.92350771953	4133071.9329968435	0	0
402486.9306640902	4133072.235654925	0	0
402486.89678957785	4133072.554929824	0	0
402486.883056668	4133072.862379166	0	0
402486.86026003864	4133073.1880932776	0	0
402486.8297119411	4133073.4880963266	0	0
402486.7828521999	4133073.8126049954	0	0
402486.7399902633	4133074.1168957646	0	0
402486.697006254	4133074.423627947	0	0
402486.6398773485	4133074.723417375	0	0
402486.56657412526	4133075.036527726	0	0
402486.4874420437	4133075.339216324	0	0
402486.40350344597	4133075.6384259164	0	0
402486.3207397739	4133075.9368878286	0	0
402486.2212219522	4133076.242460342	0	0
402486.11201479856	4133076.5402203547	0	0
402486.0007934847	4133076.823560806	0	0
402485.8752594273	4133077.097150896	0	0
402485.7151489549	4133077.3615094116	0	0
402485.5628509797	4133077.6338635394	0	0
402485.3917541795	4133077.8805676433	0	0
402485.21113589307	4133078.12237367	0	0
402485.0197754183	4133078.4028759943	0	0
402484.81491091655	4133078.6776257493	0	0
402484.6224670702	4133078.9079266507	0	0
402484.4091186801	4133079.1381054823	0	0
402484.1689148241	4133079.355451673	0	0
402483.92001345695	4133079.56646547	0	0
402483.6914825713	4133079.778822037	0	0
402483.4398956586	4133079.965604873	0	0
402483.15655520424	4133080.1554394695	0	0
402482.9108734411	4133080.349378676	0	0
402482.6591949737	4133080.5138379065	0	0
402482.39683535555	4133080.696470352	0	0
402482.13621523883	4133080.853574841	0	0
402481.87965395954	4133081.010786148	0	0
402481.6077270779	4133081.1629620534	0	0
402481.3132477088	4133081.2924176175	0	0
402481.01272585854	4133081.4391613924	0	0
402480.7331085482	4133081.573499769	0	0
402480.4233093536	4133081.680921646	0	0
402480.12765505695	4133081.794630143	0	0
402479.8005371373	4133081.923292251	0	0
402479.50657656544	4133081.992139907	0	0
402479.2133789344	4133082.0700970613	0	0
402478.8928680706	4133082.1408825815	0	0
402478.59654238645	4133082.1999035752	0	0
402478.2971496866	4133082.26214418	0	0
402477.99470522866	4133082.2912426917	0	0
402477.67501833814	4133082.32525453	0	0
402477.37879946595	4133082.3738690335	0	0
402477.0731659222	4133082.3594647357	0	0
402476.76263430435	4133082.370542617	0	0
402476.4580688766	4133082.360792252	0	0
402476.1544647494	4133082.332197278	0	0
402475.84794619563	4133082.312070938	0	0
402475.53532412567	4133082.2649823152	0	0
402475.2124481474	4133082.219587417	0	0
402474.920440703	4133082.1358624436	0	0
402474.6296692182	4133082.0356732327	0	0
402474.3384704863	4133081.9102612454	0	0
402474.0293731977	4133081.7938824594	0	0
402473.7603149695	4133081.6234112685	0	0
402473.49176028237	4133081.4505139305	0	0
402473.2489013957	4133081.2639752333	0	0
402472.9983978558	4133081.074949353	0	0
402472.74493411044	4133080.8899975736	0	0
402472.5238495159	4133080.6692486703	0	0
402472.26252749364	4133080.4646740886	0	0
402472.0653381618	4133080.2091656607	0	0
402471.87869265396	4133079.9590741126	0	0
402471.6662140175	4133079.7322522113	0	0
402471.4988708779	4133079.4811840947	0	0
402471.3367920205	4133079.205030531	0	0
402471.165405301	4133078.9514141977	0	0
402471.0260315225	4133078.684843154	0	0
402470.8768463412	4133078.4090558	0	0
402470.7619018827	4133078.1135083167	0	0
402470.63023379265	4133077.8362408592	0	0
402470.5262604049	4133077.5317975003	0	0
402470.42999270314	4133077.2470837533	0	0
402470.349350003	4133076.9537030184	0	0
402470.27464297175	4133076.657316295	0	0
402470.1876526167	4133076.335996719	0	0
402470.1079864786	4133076.0078564575	0	0
402470.0338287625	4133075.7136975243	0	0
402469.9538574494	4133075.4006634657	0	0
402469.87796023436	4133075.1032086355	0	0
402469.8001098909	4133074.7976513836	0	0
402469.718154936	4133074.4763318026	0	0
402469.64669802727	4133074.1635876605	0	0
402469.60787966603	4133073.8651410043	0	0
402469.5370483672	4133073.5624066307	0	0
402469.4808349882	4133073.2676678603	0	0
402469.4147644332	4133072.947401136	0	0
402469.38021853333	4133072.6365948655	0	0
402469.350875882	4133072.3369732853	0	0
402469.3123321814	4133072.0390759436	0	0
402469.27702334314	4133071.7364636394	0	0
402469.26715090696	4133071.404554458	0	0
402469.29179385083	4133071.0661602914	0	0
402469.3329925807	4133070.7622357346	0	0
402469.3827209753	4133070.438840957	0	0
402469.46734621964	4133070.144346326	0	0
402469.5668793002	4133069.8389721857	0	0
402469.7019195843	4133069.543104262	0	0
402469.84765627724	4133069.2539349506	0	0
402470.0218200973	4133068.9861889803	0	0
402470.20454409573	4133068.718824475	0	0
402470.4218750278	4133068.4824963533	0	0
402470.64167788485	4133068.259595962	0	0
402470.864563016	4133068.0559216444	0	0
402471.12811282097	4133067.8682385385	0	0
402471.38380434917	4133067.703565689	0	0
402471.6606750777	4133067.543424699	0	0
402471.9486084273	4133067.42568788	0	0
402472.2442169478	4133067.3172131493	0	0
402472.54318240046	4133067.233762829	0	0
402472.85583498806	4133067.1553021376	0	0
402473.15316775336	4133067.0783368084	0	0
402473.45133974927	4133067.0012188894	0	0
402473.7427368435	4133066.9248639066	0	0
402474.0490722931	4133066.8448162978	0	0
402474.3677673625	4133066.761701673	0	0
402474.6780700964	4133066.680692764	0	0
402474.9902496612	4133066.605726332	0	0
402475.26239016553	4133066.475431533	0	0
402475.5509643827	4133066.365415664	0	0
402475.8344726849	4133066.2505780216	0	0
402476.1182098672	4133066.1187420823	0	0
402476.3815155314	4133065.9611035306	0	0
402476.6570587429	4133065.8197308485	0	0
402476.9050598433	4133065.646650405	0	0
402477.1666870392	4133065.484724135	0	0
402477.4301147738	4133065.2775708134	0	0
402477.6536712926	4133065.0673199594	0	0
402477.88940432505	4133064.8170758183	0	0
402478.08676150197	4133064.5614300654	0	0
402478.2609558389	4133064.304716201	0	0
402478.4239654825	4133064.012128921	0	0
402478.5700836467	4133063.707334611	0	0
402478.6742859178	4133063.4259777972	0	0
402478.76573184	4133063.131559461	0	0
402478.8316345491	4133062.8242779714	0	0
402478.8860626499	4133062.495679943	0	0
402478.90086367476	4133062.155805681	0	0
402478.8976745891	4133061.8463269193	0	0
402478.8720093049	4133061.534071057	0	0
402478.82939150743	4133061.203855605	0	0
402478.7952118205	4133060.8097973764	0	0
402478.7550659466	4133060.425825208	0	0
402478.7187805448	4133060.078901381	0	0
402478.67781069723	4133059.681120007	0	0
402478.62579348625	4133059.107053849	0	0
402478.59283450095	4133058.7868786776	0	0
402478.5397186563	4133058.4873333904	0	0
402478.4782715129	4133058.0917340238	0	0
402478.4353027622	4133057.70782289	0	0
402478.39477541856	4133057.343320937	0	0
402478.3519134809	4133056.9923382704	0	0
402478.3135376249	4133056.664243791	0	0
402478.25169375347	4133056.2327710106	0	0
402478.17062380735	4133055.9318066537	0	0
402478.08134463173	4133055.6245709327	0	0
402478.0268097207	4133055.229246232	0	0
402477.9615478806	4133054.8946972787	0	0
402477.8843078887	4133054.558271499	0	0
402477.8604431441	4133054.235624405	0	0
402477.7909546171	4133053.92785463	0	0
402477.7314758589	4133053.614500136	0	0
402477.6778717317	4133053.297651378	0	0
402477.62159731914	4133052.990324112	0	0
402477.5596008584	4133052.65312013	0	0
402477.4978790554	4133052.3150616605	0	0
402477.4432525911	4133052.016248796	0	0
402477.38902285555	4133051.7194806063	0	0
402477.3309326451	4133051.4171429565	0	0
402477.2753906531	4133051.103513807	0	0
402477.1931152624	4133050.810834975	0	0
402477.1092224401	4133050.494276136	0	0
402477.0281524951	4133050.190549943	0	0
402476.94723513664	4133049.8856030433	0	0
402476.8646087923	4133049.575483414	0	0
402476.7704620644	4133049.2218457176	0	0
402476.6893005647	4133048.9170361497	0	0
402476.6079101854	4133048.611326306	0	0
402476.52688601497	4133048.307355971	0	0
402476.445327786	4133048.000990003	0	0
402476.3806457807	4133047.698240371	0	0
402476.29905703396	4133047.409269423	0	0
402476.22817995935	4133047.1138440073	0	0
402476.166091946	4133046.8157635634	0	0
402476.09980776795	4133046.5137921292	0	0
402476.0323334021	4133046.206068131	0	0
402475.96366885095	4133045.893003556	0	0
402475.8930664346	4133045.576124284	0	0
402475.82942202466	4133045.2703991826	0	0
402475.7628326698	4133044.9535809443	0	0
402475.6967621127	4133044.644926163	0	0
402475.6307983689	4133044.3352948125	0	0
402475.56471255317	4133044.025266737	0	0
402475.50041201606	4133043.7237072894	0	0
402475.43701174675	4133043.4266339275	0	0
402475.3689728064	4133043.1076794565	0	0
402475.30546572595	4133042.8099804837	0	0
402475.22824099386	4133042.4480420067	0	0
402475.15429690393	4133042.1013318026	0	0
402475.09095766867	4133041.8043042095	0	0
402475.02195742505	4133041.4808484046	0	0
402474.9531402873	4133041.1779004084	0	0
402474.8869629194	4133040.8037548973	0	0
402474.81936648354	4133040.49740419	0	0
402474.7582702908	4133040.202070326	0	0
402474.69067385653	4133039.8687115633	0	0
402474.6291809359	4133039.570722672	0	0
402474.558242825	4133039.243238541	0	0
402474.5048675813	4133038.933347792	0	0
402474.43688967545	4133038.6106396625	0	0
402474.37910464255	4133038.315107435	0	0
402474.31765749987	4133038.0075512845	0	0
402474.25517275714	4133037.69317445	0	0
402474.1951599393	4133037.391508193	0	0
402474.1351471227	4133037.0897961566	0	0
402474.07501223596	4133036.78729066	0	0
402474.01319888025	4133036.4764996474	0	0
402473.95153811434	4133036.1666394197	0	0
402473.89173892	4133035.8661328293	0	0
402473.8299103073	4133035.5552807767	0	0
402473.6846313748	4133034.8495465256	0	0
402473.62364199606	4133034.5302716224	0	0
402473.56623843045	4133034.229719255	0	0
402473.5081634795	4133033.925626844	0	0
402473.4509277629	4133033.6259442256	0	0
402473.38883975055	4133033.3007489163	0	0
402473.3305816931	4133032.9957715007	0	0
402473.2689972196	4133032.673139661	0	0
402473.208816557	4133032.357999894	0	0
402473.15080264077	4133032.0541668865	0	0
402473.0846863083	4133031.747327895	0	0
402472.99948122917	4133031.4526501624	0	0
402472.91998293775	4133031.1612072876	0	0
402472.8188324251	4133030.8639050443	0	0
402472.69743350026	4133030.579374405	0	0
402472.5473022741	4133030.3032513564	0	0
402472.41305544757	4133030.032575699	0	0
402472.23414614523	4133029.7573681767	0	0
402472.0324707302	4133029.507825943	0	0
402471.85232546803	4133029.266187758	0	0
402471.6384277617	4133029.046659559	0	0
402471.4329529093	4133028.824155898	0	0
402471.1818847931	4133028.633604142	0	0
402470.9483948044	4133028.406034561	0	0
402470.6849212938	4133028.252073381	0	0
402470.3893127714	4133028.099989028	0	0
402470.1161346717	4133027.9030514667	0	0
402469.81875613175	4133027.8109417898	0	0
402469.5433502489	4133027.658041091	0	0
402469.2385559371	4133027.5543728815	0	0
402468.9252014447	4133027.452711196	0	0
402468.5796814251	4133027.360014054	0	0
402468.2743225377	4133027.3076229976	0	0
402467.97694399825	4133027.2613125783	0	0
402467.6575165069	4133027.2195263808	0	0
402467.34297182894	4133027.175191971	0	0
402467.0385895048	4133027.153669449	0	0
402466.73484804993	4133027.1348629887	0	0
402466.42723086267	4133027.127592178	0	0
402466.12174990535	4133027.1204052884	0	0
402465.82073977415	4133027.112760634	0	0
402465.5138550079	4133027.1130505516	0	0
402465.19966128387	4133027.1251278827	0	0
402464.88919070247	4133027.1173306443	0	0
402464.58035281056	4133027.125097365	0	0
402464.2452850624	4133027.1272259685	0	0
402463.9077911648	4133027.131795975	0	0
402463.5876007351	4133027.1639615037	0	0
402463.28527834854	4133027.181013197	0	0
402462.9556427276	4133027.2079449603	0	0
402462.6432495391	4133027.225980852	0	0
402462.32759096974	4133027.2675229046	0	0
402462.0164642613	4133027.2954388577	0	0
402461.71345522784	4133027.3421688993	0	0
402461.4142456331	4133027.3654614403	0	0
402461.0695343288	4133027.426008316	0	0
402460.7492370881	4133027.482450576	0	0
402460.45094302174	4133027.5323544443	0	0
402460.12850954925	4133027.5870114304	0	0
402459.7863312041	4133027.6454602196	0	0
402459.47654726944	4133027.698423479	0	0
402459.17942812765	4133027.749158949	0	0
402458.8575287146	4133027.8041134775	0	0
402458.54570010054	4133027.857359025	0	0
402458.22238162096	4133027.912557695	0	0
402457.9264068887	4133027.963094804	0	0
402457.6294861122	4133028.0137921325	0	0
402457.3257141395	4133028.065672013	0	0
402457.0284424099	4133028.116453262	0	0
402456.70664980926	4133028.173933121	0	0
402456.3984375282	4133028.22746095	0	0
402456.0945282265	4133028.280454729	0	0
402455.7888641646	4133028.333921526	0	0
402456.5187073032	4133027.994039629	0	0
402456.1800995151	4133028.053449722	0	0
402455.8077545456	4133028.1188183734	0	0
402455.47479250806	4133028.1772290193	0	0
402455.1291199016	4133028.237913223	0	0
402454.70692446566	4133028.3120404193	0	0
402454.3120880417	4133028.3813305805	0	0
402453.8593445111	4133028.460783094	0	0
402453.5439453395	4133028.5161267202	0	0
402452.99540713336	4133028.612409682	0	0
402452.54150393367	4133028.692060563	0	0
402452.17683413415	4133028.7560711796	0	0
402451.8443146027	4133028.814420792	0	0
402451.5081787383	4133028.8699017474	0	0
402451.2038879677	4133028.9360028193	0	0
402450.8901977815	4133028.991972061	0	0
402450.54705813417	4133029.0519238445	0	0
402450.22296145454	4133029.1115857083	0	0
402449.9156799587	4133029.1686840937	0	0
402449.5778351106	4133029.2306347783	0	0
402449.228515654	4133029.2945233313	0	0
402448.9002380662	4133029.3547955477	0	0
402448.5486603066	4133029.4193402273	0	0
402448.22500613227	4133029.478696912	0	0
402447.8307953171	4133029.551023573	0	0
402447.51045229885	4133029.609800432	0	0
402447.1418915073	4133029.677396866	0	0
402446.81553652737	4133029.7373028714	0	0
402446.48602297704	4133029.797742933	0	0
402446.18437197583	4133029.8530865638	0	0
402445.8358001996	4133029.9170971825	0	0
402445.5137634552	4133029.976179211	0	0
402445.21635439893	4133030.0307599036	0	0
402444.87994387484	4133030.0924664442	0	0
402444.5653381627	4133030.150175186	0	0
402444.260498075	4133030.206098648	0	0
402443.96160891594	4133030.2609692514	0	0
402443.63453677186	4133030.3209973294	0	0
402443.3360748567	4133030.3757458655	0	0
402443.0284118943	4133030.4321728647	0	0
402442.7320862099	4133030.4865246746	0	0
402442.4203796663	4133030.543729872	0	0
402442.1043548861	4133030.6017132737	0	0
402441.8011474898	4133030.6573010418	0	0
402441.4343414592	4133030.724592301	0	0
402441.1195373806	4133030.7823468186	0	0
402440.7671509066	4133030.847013566	0	0
402440.4467315945	4133030.9057904216	0	0
402440.13223269465	4133030.963483901	0	0
402439.8002014442	4133031.0243969876	0	0
402439.465774565	4133031.0857830956	0	0
402439.1662750519	4133031.1407299964	0	0
402438.83676150243	4133031.201170059	0	0
402438.52854922216	4133031.257764907	0	0
402438.17057803145	4133031.3234692514	0	0
402437.82263186446	4133031.3873120295	0	0
402437.52192690887	4133031.4424725478	0	0
402437.1995849892	4133031.501600359	0	0
402436.855529814	4133031.564741226	0	0
402436.5502014432	4133031.6207409804	0	0
402436.2332153601	4133031.678922746	0	0
402435.9142608919	4133031.737409686	0	0
402435.61390688946	4133031.79250917	0	0
402435.3007660188	4133031.8499890296	0	0
402434.97360232373	4133031.9099865877	0	0
402434.6268921189	4133031.973615738	0	0
402434.25691226067	4133032.041486831	0	0
402433.9159546186	4133032.104063126	0	0
402433.5955353055	4133032.162885759	0	0
402433.2865600861	4133032.2195721595	0	0
402432.91050723	4133032.288572405	0	0
402432.569305449	4133032.351179216	0	0
402432.2136078161	4133032.4164410583	0	0
402431.8659973424	4133032.4802227933	0	0
402431.5071411417	4133032.546033951	0	0
402431.14828494086	4133032.611906142	0	0
402430.8341064743	4133032.6695538457	0	0
402430.53166201635	4133032.725034805	0	0
402430.2344513231	4133032.779539201	0	0
402429.890274077	4133032.8426953307	0	0
402429.57374575594	4133032.900785539	0	0
402429.2655182171	4133032.957349868	0	0
402428.9127502715	4133033.022062395	0	0
402428.5818023953	4133033.0827618567	0	0
402428.19313052134	4133033.154096696	0	0
402427.8841476729	4133033.210783098	0	0
402427.58347323455	4133033.265943616	0	0
402427.2331619534	4133033.3301983774	0	0
402426.4852447785	4133033.4671765263	0	0
402426.1650238319	4133033.5258618314	0	0
402425.85477450315	4133033.582761854	0	0
402425.5495300569	4133033.638715835	0	0
402425.23847964307	4133033.695753188	0	0
402424.9282608321	4133033.7509594867	0	0
402424.6237030319	4133033.8187085087	0	0
402424.29775240924	4133033.8814984295	0	0
402423.99141696026	4133033.9431439377	0	0
402423.67474367947	4133034.011625383	0	0
402423.3777389807	4133034.092542741	0	0
402423.0711059847	4133034.1649914677	0	0
402422.7791137969	4133034.2554608295	0	0
402422.4899215969	4133034.3375683744	0	0
402422.1966018969	4133034.4134655893	0	0
402421.90826418885	4133034.520399182	0	0
402421.60187533294	4133034.613020035	0	0
402421.295303374	4133034.7078839284	0	0
402421.0067215252	4133034.8198986966	0	0
402420.7162781035	4133034.936231706	0	0
402420.42111208837	4133035.054288954	0	0
402420.11976626364	4133035.170332046	0	0
402419.8317413611	4133035.3117962787	0	0
402419.5434952073	4133035.4285260164	0	0
402419.2655258454	4133035.5734997694	0	0
402419.0002594285	4133035.7223492595	0	0
402418.7137832928	4133035.8619976984	0	0
402418.45125582546	4133036.041273208	0	0
402418.17760470265	4133036.1861554123	0	0
402417.9147033974	4133036.3375683757	0	0
402417.65384676954	4133036.500547501	0	0
402417.3934173866	4133036.6811352707	0	0
402417.12771609245	4133036.8733349745	0	0
402416.8846817288	4133037.060682388	0	0
402416.6329269685	4133037.2477551424	0	0
402416.3730621615	4133037.4323559725	0	0
402416.12364199536	4133037.6572552654	0	0
402415.87236788694	4133037.8624859764	0	0
402415.64765932964	4133038.0675335843	0	0
402415.4267044348	4133038.2950726463	0	0
402415.19998934784	4133038.4961377117	0	0
402414.984642057	4133038.7183361957	0	0
402414.7677841474	4133038.9366436927	0	0
402414.55026248016	4133039.198988051	0	0
402414.31259158126	4133039.431348891	0	0
402414.10397341684	4133039.6771069523	0	0
402413.90064242267	4133039.914060685	0	0
402413.72542574763	4133040.189344499	0	0
402413.56275179784	4133040.4839154216	0	0
402413.38468935905	4133040.7661725027	0	0
402413.2301254547	4133041.0270977933	0	0
402413.0921249681	4133041.299482436	0	0
402412.94001772755	4133041.572050185	0	0
402412.8034973415	4133041.8671551673	0	0
402412.6614990507	4133042.148847673	0	0
402412.5428467085	4133042.4281292893	0	0
402412.4276352203	4133042.7523175203	0	0
402412.29238131375	4133043.032514662	0	0
402412.1751785567	4133043.326444718	0	0
402412.08992770046	4133043.6169262864	0	0
402412.00547030335	4133043.9263134883	0	0
402411.96941378515	4133044.2286358755	0	0
402411.9002609527	4133044.52386293	0	0
402411.84680178616	4133044.822340103	0	0
402411.78122714045	4133045.13157472	0	0
402411.7475052158	4133045.4663830693	0	0
402411.69380190887	4133045.804090589	0	0
402411.6615524574	4133046.108991712	0	0
402411.66100314027	4133046.416166398	0	0
402411.6185760776	4133046.742750258	0	0
402411.60095217556	4133047.049894426	0	0
402411.5860061935	4133047.356306167	0	0
402411.576187161	4133047.6717816307	0	0
402411.5857239046	4133047.983366104	0	0
402411.58554080024	4133048.2846814124	0	0
402411.5836029345	4133048.606535047	0	0
402411.5958099653	4133048.9210644653	0	0
402411.5860901157	4133049.2337780884	0	0
402411.64367678616	4133049.5830822913	0	0
402411.63816073444	4133049.9081402747	0	0
402411.66350558173	4133050.2306347806	0	0
402411.675712613	4133050.5669232355	0	0
402411.70567324554	4133050.888898939	0	0
402411.74726870493	4133051.1959362915	0	0
402411.78197482124	4133051.507444472	0	0
402411.81675722916	4133051.813703627	0	0
402411.85305789	4133052.154081434	0	0
402411.89335635124	4133052.457990739	0	0
402411.94360354316	4133052.764341446	0	0
402411.97749331535	4133053.0675488426	0	0
402412.02165987936	4133053.377271744	0	0
402412.0663452423	4133053.694807143	0	0
402412.1083679485	4133053.992735002	0	0
402412.1522140792	4133054.304075331	0	0
402412.1941452313	4133054.6017895634	0	0
402412.24153903057	4133054.899015516	0	0
402412.3201370527	4133055.1909161536	0	0
402412.38069155556	4133055.4940014775	0	0
402412.4573746015	4133055.784223647	0	0
402412.5784988678	4133056.0829449627	0	0
402412.7079620637	4133056.360349746	0	0
402412.8562622341	4133056.6480084383	0	0
402413.0469360622	4133056.9130230863	0	0
402413.2298202793	4133057.166105361	0	0
402413.4564590733	4133057.409437271	0	0
402413.6986160564	4133057.6352826087	0	0
402413.93757632264	4133057.831098645	0	0
402414.1937561309	4133058.012037369	0	0
402414.4394760407	4133058.1938763573	0	0
402414.73184206814	4133058.360334489	0	0
402415.03117373504	4133058.493085952	0	0
402415.30420687655	4133058.6387921292	0	0
402415.59876253956	4133058.7384015005	0	0
402415.8918838792	4133058.8499279926	0	0
402416.1955185209	4133058.948713395	0	0
402416.4870453173	4133059.0545330956	0	0
402416.7972870143	4133059.1036358774	0	0
402417.0821914965	4133059.20568666	0	0
402417.38165286	4133059.2729626596	0	0
402417.6771621993	4133059.3575421292	0	0
402417.9716339396	4133059.422086807	0	0
402418.2822723676	4133059.4653759887	0	0
402418.63092043734	4133059.5264569237	0	0
402418.9540939616	4133059.5568524315	0	0
402419.272399931	4133059.6192761366	0	0
402419.58935549646	4133059.6622754056	0	0
402419.91313937225	4133059.710416883	0	0
402420.2493896758	4133059.759534927	0	0
402420.55042269564	4133059.803571794	0	0
402420.87900546065	4133059.8517437866	0	0
402421.18927767634	4133059.8971692063	0	0
402421.57581332244	4133059.9537640517	0	0
402421.91011050076	4133060.0027142474	0	0
402422.22238924983	4133060.048414322	0	0
402422.53199770895	4133060.093748186	0	0
402422.8321380899	4133060.137693497	0	0
402423.15914919734	4133060.184034441	0	0
402423.4767074858	4133060.255201432	0	0
402423.79273226624	4133060.327512833	0	0
402424.0853729535	4133060.397398083	0	0
402424.3987884804	4133060.4905987666	0	0
402424.69533541624	4133060.561246961	0	0
402424.99897006055	4133060.6614209125	0	0
402425.2995529445	4133060.7522870004	0	0
402425.5864105504	4133060.842527479	0	0
402425.898979216	4133060.9432965247	0	0
402426.19270327454	4133061.1051312387	0	0
402426.4750519075	4133061.236555192	0	0
402426.74981692235	4133061.3604107797	0	0
402427.0175628943	4133061.5256634653	0	0
402428.230484036	4133061.846845716	0	0
402428.4606933872	4133062.076200578	0	0
402428.74719241005	4133062.254545302	0	0
402428.9383697786	4133062.5221692054	0	0
402429.18830874295	4133062.754392714	0	0
402429.3741455353	4133063.003202529	0	0
402429.5536499308	4133063.276868913	0	0
402429.75451662997	4133063.5210247915	0	0
402429.9050445844	4133063.78973207	0	0
402430.08680727903	4133064.0532360985	0	0
402430.22264102014	4133064.367185687	0	0
402430.3226776414	4133064.6539288466	0	0
402430.4476776396	4133064.9609356816	0	0
402430.5573425583	4133065.3179303138	0	0
402430.62243655213	4133065.643812272	0	0
402430.68693545274	4133065.951200575	0	0
402430.77456667833	4133066.271955581	0	0
402430.7693939499	4133066.590833752	0	0
402430.8398590359	4133066.9150067256	0	0
402430.8648376757	4133067.2354413	0	0
402430.82664492464	4133067.580488295	0	0
402430.88142397767	4133067.91073427	0	0
402430.8528595248	4133068.211942766	0	0
402430.83386233356	4133068.5188885657	0	0
402430.8561859416	4133068.818525403	0	0
402430.8357239042	4133069.151121231	0	0
402430.73602297687	4133069.533414932	0	0
402430.67996218684	4133069.831083386	0	0
402430.6720581334	4133070.175962542	0	0
402430.5837250037	4133070.5059948885	0	0
402430.4400482463	4133070.78016481	0	0
402430.3852386757	4133071.0769635146	0	0
402430.30989077437	4133071.39619264	0	0
402430.1824188513	4133071.694440933	0	0
402430.0962372107	4133071.999158954	0	0
402429.9856567656	4133072.339002698	0	0
402429.8819275177	4133072.651975723	0	0
402429.7792358674	4133072.961347673	0	0
402429.68437197583	4133073.28094301	0	0
402429.5656738571	4133073.697401136	0	0
402429.4564209273	4133074.0132122957	0	0
402429.3813324249	4133074.3663922246	0	0
402429.32510378794	4133074.6711712806	0	0
402429.20808413345	4133075.0608197115	0	0
402429.1996460244	4133075.371717544	0	0
402429.1170959751	4133075.7041302617	0	0
402429.06324770855	4133076.1086407644	0	0
402429.0150757114	4133076.449628922	0	0
402429.0113678266	4133076.800504776	0	0
402429.00885012554	4133077.1035748417	0	0
402429.01742556586	4133077.422834485	0	0
402429.06962588243	4133077.793089001	0	0
402429.11349490087	4133078.137830824	0	0
402429.1656341837	4133078.465620132	0	0
402429.2717438017	4133078.748258682	0	0
402429.3363189989	4133079.048673719	0	0
402429.4584656037	4133079.332792375	0	0
402429.5870971964	4133079.7088757474	0	0
402429.6968384078	4133080.010511488	0	0
402429.8534088411	4133080.272962662	0	0
402430.02832034096	4133080.611127945	0	0
402430.21006777807	4133080.9337140033	0	0
402430.4392242711	4133081.2282696664	0	0
402430.690200833	4133081.4829388573	0	0
402430.9115448285	4133081.747617815	0	0
402431.1084595001	4133081.9748059213	0	0
402431.4407806674	4133082.2270642244	0	0
402431.67680361716	4133082.458189102	0	0
402431.91806033114	4133082.6454449613	0	0
402432.22395327565	4133082.825880144	0	0
402432.654541043	4133083.1152783358	0	0
402432.96907046257	4133083.2861920334	0	0
402433.30258181517	4133083.404005141	0	0
402433.6493683139	4133083.5583783104	0	0
402434.0407409943	4133083.7449933006	0	0
402434.5260010047	4133083.8924389808	0	0
402434.9897308634	4133084.074033826	0	0
402435.36244204396	4133084.223798841	0	0
402435.7301025674	4133084.334333513	0	0
402436.1264038365	4133084.4089184687	0	0
402436.4889679243	4133084.465421767	0	0
402436.8063812528	4133084.5199719416	0	0
402437.18388369435	4133084.5645276057	0	0
402437.5018005659	4133084.5571728693	0	0
402437.83218386676	4133084.5133496225	0	0
402438.1360168749	4133084.4588910053	0	0
402438.44783022813	4133084.3838787964	0	0
402438.79653933534	4133084.2947674724	0	0
402439.0987854275	4133084.2724743793	0	0
402439.41236880305	4133084.165037245	0	0
402439.69096377236	4133084.017515272	0	0
402439.9780426305	4133083.8840619023	0	0
402440.254577665	4133083.706495377	0	0
402440.5285949996	4133083.582197279	0	0
402440.78274538927	4133083.376386733	0	0
402441.1549072547	4133083.185941786	0	0
402441.40821841103	4133082.9811993553	0	0
402441.63467410003	4133082.752698988	0	0
402441.87371828896	4133082.5423565814	0	0
402442.05949404766	4133082.3041058485	0	0
402442.27404788055	4133082.0593090984	0	0
402442.5270386025	4133081.819212052	0	0
402442.73326113634	4133081.5772686917	0	0
402442.9664001755	4133081.376112076	0	0
402443.1903839398	4133081.1523724515	0	0
402443.40687563765	4133080.936567399	0	0
402443.6238251014	4133080.7222577054	0	0
402443.8603363324	4133080.487989517	0	0
402444.0829925827	4133080.26756105	0	0
402444.30526736303	4133080.047468278	0	0
402444.52592471096	4133079.829008191	0	0
402444.740417509	4133079.616575331	0	0
402444.9595337189	4133079.399625869	0	0
402445.1780090612	4133079.183317275	0	0
402445.4055023473	4133078.9508954044	0	0
402445.62026980345	4133078.7223034836	0	0
402445.8470306679	4133078.5078717195	0	0
402446.02600100514	4133078.2573071425	0	0
402446.268798857	4133078.0099926908	0	0
402446.47308352415	4133077.787626358	0	0
402446.65464785526	4133077.5155316307	0	0
402446.8405151649	4133077.266233537	0	0
402447.02622988675	4133077.0272961576	0	0
402447.2124328901	4133076.773054216	0	0
402447.39624026156	4133076.5260296785	0	0
402447.56689456047	4133076.2741070725	0	0
402447.7478790557	4133076.0198651263	0	0
402447.9171600632	4133075.7681714026	0	0
402448.04626467754	4133075.4877758934	0	0
402448.19801333325	4133075.2219372704	0	0
402448.311248807	4133074.9336377103	0	0
402448.4477997104	4133074.6616497952	0	0
402448.51315310434	4133074.367506117	0	0
402448.6000061311	4133074.054655165	0	0
402448.69038393843	4133073.761350722	0	0
402448.7646179481	4133073.45521364	0	0
402448.81126406684	4133073.157087416	0	0
402448.8449402127	4133072.826032726	0	0
402448.8852386756	4133072.5255871713	0	0
402448.92759707465	4133072.2212964026	0	0
402448.93730166415	4133071.9161053654	0	0
402448.9499511998	4133071.6118756235	0	0
402448.947143582	4133071.3103619516	0	0
402448.95932009607	4133070.9809857337	0	0
402448.9379883099	4133070.6784802424	0	0
402448.92054751376	4133070.3756085364	0	0
402448.8813171667	4133070.077619643	0	0
402448.84739687946	4133069.7749920804	0	0
402448.81636050064	4133069.4674206655	0	0
402448.7701111132	4133069.1386547997	0	0
402448.7241058621	4133068.8402844416	0	0
402448.67587283044	4133068.5403424213	0	0
402448.6180572784	4133068.2265759404	0	0
402448.5581817916	4133067.894697281	0	0
402448.48381045286	4133067.482206434	0	0
402448.42753603996	4133067.170072645	0	0
402448.36196902243	4133066.806531997	0	0
402448.2981262497	4133066.4524517967	0	0
402448.2404938031	4133066.132795425	0	0
402448.1622619903	4133065.6989575364	0	0
402448.0976562776	4133065.340543836	0	0
402448.03865054063	4133065.013395397	0	0
402447.9833221727	4133064.706480116	0	0
402447.92968752794	4133064.4089184706	0	0
402447.86399844056	4133064.044706434	0	0
402447.8014374064	4133063.697782606	0	0
402447.7418823517	4133063.3674756004	0	0
402447.6846008587	4133063.0496502854	0	0
402447.612930326	4133062.652067275	0	0
402447.5545044226	4133062.3279400803	0	0
402447.48591616505	4133061.947477429	0	0
402447.4209137255	4133061.587003799	0	0
402447.3601074499	4133061.249677747	0	0
402447.3023529344	4133060.9292431786	0	0
402447.246902495	4133060.621549697	0	0
402447.18182375777	4133060.26063356	0	0
402447.11756899697	4133059.9041729853	0	0
402447.0454712205	4133059.504301161	0	0
402446.9866333284	4133059.1780072143	0	0
402446.9042053499	4133058.720747085	0	0
402446.8449249553	4133058.391889663	0	0
402446.7871399206	4133058.071439833	0	0
402446.7166290572	4133057.680234997	0	0
402446.6501770292	4133057.3116894676	0	0
402446.5857696822	4133056.9544201805	0	0
402446.5106506624	4133056.537580582	0	0
402446.4465637481	4133056.182203383	0	0
402446.3824463172	4133055.826459977	0	0
402446.3149719522	4133055.4521008427	0	0
402446.2529602335	4133055.108152482	0	0
402446.18592837243	4133054.7280102703	0	0
402446.118728666	4133054.4202099736	0	0
402446.04824831925	4133054.0237561185	0	0
402445.9751434603	4133053.6296521174	0	0
402445.9129791534	4133053.304044815	0	0
402445.8412628453	4133052.9237500145	0	0
402445.7856293008	4133052.627744765	0	0
402445.710006741	4133052.225294206	0	0
402445.63974001847	4133051.8516369783	0	0
402445.5665893839	4133051.463316054	0	0
402445.5021362592	4133051.1211682255	0	0
402445.4422607707	4133050.803266616	0	0
402445.3860779094	4133050.504865736	0	0
402445.3068695351	4133050.0840130756	0	0
402445.2424011516	4133049.741575333	0	0
402445.1831207548	4133049.4267254774	0	0
402445.12538149697	4133049.120023819	0	0
402445.06027224485	4133048.774137587	0	0
402444.99917605316	4133048.449674699	0	0
402444.92730715696	4133048.067915052	0	0
402444.8574676785	4133047.6968975994	0	0
402444.7965698517	4133047.373380749	0	0
402444.71853640495	4133046.958646867	0	0
402444.6028595241	4133046.3451672504	0	0
402444.5345611844	4133045.981885998	0	0
402444.4518280314	4133045.541914076	0	0
402444.380844144	4133045.164533704	0	0
402444.30503848055	4133044.7614575317	0	0
402444.23695376376	4133044.3996563884	0	0
402444.16893008095	4133044.038221448	0	0
402444.10879519454	4133043.7185955937	0	0
402444.0270386022	4133043.284132096	0	0
402443.9661712934	4133042.9605847294	0	0
402443.892074613	4133042.566877455	0	0
402443.8212280559	4133042.1903363196	0	0
402443.7403869908	4133041.7604809706	0	0
402443.6773834513	4133041.4255658104	0	0
402443.61592104967	4133041.098890395	0	0
402443.5571747112	4133040.7865887596	0	0
402443.50094607327	4133040.487897965	0	0
402443.43156436	4133040.119062512	0	0
402443.374420195	4133039.815260026	0	0
402443.30125430145	4133039.426527113	0	0
402443.24496462743	4133039.1273327763	0	0
402443.17071536067	4133038.7325726445	0	0
402443.09794619546	4133038.345731829	0	0
402443.03968813916	4133038.0360852177	0	0
402442.97727969056	4133037.7041607816	0	0
402442.9154968542	4133037.3758068997	0	0
402442.85012820177	4133037.02837953	0	0
402442.7823791776	4133036.6683484036	0	0
402442.7213135053	4133036.3438549936	0	0
402442.6650238327	4133036.0446759155	0	0
402442.60423281597	4133035.72158632	0	0
402442.54051211325	4133035.382948011	0	0
402442.45903017884	4133034.949750991	0	0
402442.3993377969	4133034.6325665424	0	0
402442.3393249789	4133034.313764662	0	0
402442.2730102809	4133033.9610424982	0	0
402442.2097015667	4133033.6246167165	0	0
402442.14167788555	4133033.263044448	0	0
402442.0631561555	4133032.8455182062	0	0
402442.00386050233	4133032.5303479168	0	0
402441.9389038357	4133032.1849194504	0	0
402441.8539276407	4133031.7333508437	0	0
402441.7907257366	4133031.3972607567	0	0
402441.72143557435	4133031.0289441063	0	0
402441.6453399948	4133030.6248761155	0	0
402441.5759430203	4133030.2557202266	0	0
402441.5049591338	4133029.8782177875	0	0
402441.441986113	4133029.543394181	0	0
402441.38008120586	4133029.2142620976	0	0
402441.31396487146	4133028.8627606346	0	0
402441.2560425084	4133028.554792493	0	0
402441.19972231897	4133028.2553997957	0	0
402441.11618044873	4133027.811315629	0	0
402441.0547027868	4133027.4843655555	0	0
402440.94996645924	4133026.9277401897	0	0
402440.8729095739	4133026.518026442	0	0
402440.8054199506	4133026.1591397235	0	0
402440.72738650336	4133025.744367692	0	0
402440.66833498806	4133025.43045625	0	0
402440.6078796678	4133025.1090451214	0	0
402440.54205325106	4133024.759031388	0	0
402440.4792480744	4133024.4251995967	0	0
402440.4202575963	4133024.1115094163	0	0
402440.36352541985	4133023.809873674	0	0
402440.3025665567	4133023.4859982426	0	0
402440.23513796844	4133023.1275311415	0	0
402440.1735077193	4133022.799894422	0	0
402440.11732485675	4133022.501173113	0	0
402440.06037905626	4133022.1984158466	0	0
402440.00120547274	4133021.883947463	0	0
402439.94033816236	4133021.560201734	0	0
402439.881088286	4133021.245222185	0	0
402439.82424929517	4133020.9430829003	0	0
402439.76135256735	4133020.608648392	0	0
402439.7019348436	4133020.292799089	0	0
402439.64517214673	4133019.990942095	0	0
402439.58471682423	4133019.6694165166	0	0
402439.5189514442	4133019.3198071443	0	0
402439.45417788485	4133018.975370499	0	0
402439.3900146762	4133018.634290787	0	0
402439.3307342804	4133018.3191128643	0	0
402439.2726135542	4133018.0101986844	0	0
402439.20887759223	4133017.6713009803	0	0
402439.1474914835	4133017.344938369	0	0
402439.0901642118	4133017.0401059124	0	0
402439.0311126989	4133016.7261029202	0	0
402438.970199613	4133016.402250385	0	0
402438.9102173136	4133016.0834332416	0	0
402438.8469085982	4133015.746793838	0	0
402438.78450014925	4133015.4151135366	0	0
402438.7170715606	4133015.0566311786	0	0
402438.6492157264	4133014.695829484	0	0
402438.583068875	4133014.344198317	0	0
402438.4940185825	4133013.8708249046	0	0
402438.43202212255	4133013.5414868295	0	0
402438.37060549785	4133013.2149105947	0	0
402438.29600527673	4133012.818288892	0	0
402438.22521975474	4133012.4421521146	0	0
402438.1572113326	4133012.080457781	0	0
402438.0807190216	4133011.6737194997	0	0
402438.01817324595	4133011.3411313016	0	0
402437.9349365511	4133010.8984585735	0	0
402437.87852480856	4133010.5978604285	0	0
402437.7913208283	4133010.1345730773	0	0
402437.68717959296	4133009.581777663	0	0
402437.6156769083	4133009.2021771404	0	0
402437.54835513065	4133008.8446942293	0	0
402437.4789123807	4133008.4758892963	0	0
402437.4118194862	4133008.1196576064	0	0
402437.3465881628	4133007.773351762	0	0
402437.19831850997	4133006.9859295804	0	0
402437.12684634054	4133006.6062146155	0	0
402437.0284729295	4133006.083639237	0	0
402436.95503237646	4133005.693533035	0	0
402436.8555298124	4133005.164968585	0	0
402436.78126528655	4133004.770513626	0	0
402436.69038394	4133004.287847609	0	0
402436.62669375364	4133003.9496136643	0	0
402436.56343081384	4133003.6136380136	0	0
402436.5069122592	4133003.3132687532	0	0
402436.44520571677	4133002.9855557415	0	0
402436.3561249063	4133002.5125027616	0	0
402436.2863159463	4133002.141805741	0	0
402436.22042849567	4133001.791837781	0	0
402436.1563873566	4133001.4515591594	0	0
402436.0957489297	4133001.12948427	0	0
402436.0375976849	4133000.8205548264	0	0
402435.98143008247	4133000.5222073486	0	0
402435.91267397744	4133000.157140824	0	0
402435.8529663357	4132999.839994523	0	0
402435.79248049663	4132999.5186596797	0	0
402435.72973635595	4132999.1856289795	0	0
402435.66447451536	4132998.838903519	0	0
402435.6008911415	4132998.501173111	0	0
402435.5410309115	4132998.1832104595	0	0
402435.4809417996	4132997.8641949603	0	0
402435.39483645395	4132997.406835645	0	0
402435.3379974655	4132997.104986282	0	0
402435.26884463325	4132996.737691971	0	0
402435.19538882235	4132996.347852799	0	0
402435.10563662514	4132995.870550247	0	0
402435.04367068294	4132995.5412732107	0	0
402434.9825897505	4132995.217092605	0	0
402434.91436770384	4132994.8546887334	0	0
402434.8458862595	4132994.491048905	0	0
402434.77282717597	4132994.103071305	0	0
402434.6907806667	4132993.667280289	0	0
402434.61225894	4132993.2503338763	0	0
402434.5332641882	4132992.830640886	0	0
402434.37358096184	4132991.9824734647	0	0
402434.2875366498	4132991.5255261385	0	0
402434.1619873323	4132990.858739942	0	0
402434.07594302157	4132990.4017544724	0	0
402433.98184206866	4132989.901937575	0	0
402433.92347720015	4132989.5919629047	0	0
402433.82490542345	4132989.0685482942	0	0
402433.725189238	4132988.538862322	0	0
402433.58743288985	4132987.80712709	0	0
402433.4463959022	4132987.0582104675	0	0
402433.35681155114	4132986.582250689	0	0
402433.2312774938	4132985.915609451	0	0
402433.1414947801	4132985.4387188884	0	0
402433.06401064777	4132985.027135943	0	0
402432.9371795933	4132984.3534527747	0	0
402432.85791018384	4132983.932439895	0	0
402432.7805328644	4132983.5215130737	0	0
402432.70336916845	4132983.111684891	0	0
402432.6276245389	4132982.7094708392	0	0
402432.5547485642	4132982.3223095853	0	0
402432.4846802032	4132981.950315565	0	0
402432.41381838743	4132981.573835462	0	0
402432.3138885772	4132981.043195815	0	0
402432.210586576	4132980.49449739	0	0
402432.00906374806	4132979.656896685	0	0
402431.9491272244	4132979.334089372	0	0
402431.8850708295	4132979.032117935	0	0
402431.82119753887	4132978.705785844	0	0
402431.7387237841	4132978.3869915935	0	0
402431.6666717805	4132978.076215835	0	0
402431.5885925569	4132977.7820492694	0	0
402431.5092926314	4132977.446981521	0	0
402431.41725161613	4132977.1517468407	0	0
402431.3464203161	4132976.853201005	0	0
402431.2298889452	4132976.548772901	0	0
402431.12921145343	4132976.249799816	0	0
402431.0324859902	4132975.961454483	0	0
402430.91043093544	4132975.676855181	0	0
402430.78182986163	4132975.401113601	0	0
402430.6404419235	4132975.134039017	0	0
402430.4580688748	4132974.8715420677	0	0
402430.2768097199	4132974.623785111	0	0
402430.07176211255	4132974.3618603665	0	0
402429.88555911125	4132974.123777481	0	0
402429.63252261217	4132973.901449293	0	0
402429.41848757764	4132973.6889477684	0	0
402429.17880251777	4132973.5006543132	0	0
402428.9431915557	4132973.2977887117	0	0
402428.6478271761	4132973.119459245	0	0
402428.39129641466	4132972.946828933	0	0
402428.09536745877	4132972.8188763554	0	0
402427.8065643584	4132972.6501065227	0	0
402427.4827194504	4132972.568281265	0	0
402427.1808014188	4132972.4966565063	0	0
402426.8890610029	4132972.3676510747	0	0
402426.56703188753	4132972.304990858	0	0
402426.23839571985	4132972.2598401024	0	0
402425.9317932409	4132972.2173672635	0	0
402425.6272201815	4132972.1586132986	0	0
402425.3210525797	4132972.1408368065	0	0
402425.0167541789	4132972.1351681636	0	0
402424.67895510595	4132972.099226091	0	0
402424.3728180206	4132972.090215774	0	0
402424.0589828762	4132972.1141415546	0	0
402423.7478714277	4132972.1224347046	0	0
402423.42771914403	4132972.1484356853	0	0
402423.1254272747	4132972.154340832	0	0
402422.8257828036	4132972.2043820336	0	0
402422.511283903	4132972.245832534	0	0
402422.1950378689	4132972.283598035	0	0
402421.8724289218	4132972.321172806	0	0
402421.5442047399	4132972.369573683	0	0
402421.2393875398	4132972.4338818537	0	0
402420.90035250556	4132972.493330095	0	0
402421.2204132358	4132972.5027905423	0	0
402420.91410830524	4132972.565847488	0	0
402420.6043167401	4132972.603147599	0	0
402420.299995451	4132972.651815504	0	0
402420.00055697485	4132972.6995449997	0	0
402419.6961975385	4132972.7480069124	0	0
402419.39698794286	4132972.7956601093	0	0
402419.0906982698	4132972.8444348327	0	0
402418.46014407143	4132972.890104386	0	0
402418.1142273241	4132972.9460507366	0	0
402417.7816238678	4132972.9998150803	0	0
402417.4685364042	4132973.0504513676	0	0
402417.0870209014	4132973.1121350215	0	0
402416.7764358802	4132973.1608792255	0	0
402416.4663696574	4132973.215063184	0	0
402416.1261215483	4132973.270811172	0	0
402415.7674942288	4132973.328626723	0	0
402415.4243240629	4132973.38337526	0	0
402415.1109771999	4132973.4417782724	0	0
402414.81142428383	4132973.4947949387	0	0
402414.49117281765	4132973.5461789076	0	0
402414.1745910928	4132973.601064771	0	0
402413.87672427215	4132973.652837845	0	0
402413.3789749436	4132973.916547868	0	0
402413.07209017704	4132973.9714184706	0	0
402412.6653442658	4132974.0441800077	0	0
402412.368400602	4132974.097295848	0	0
402412.0673370633	4132974.151144117	0	0
402411.74582674826	4132974.2086544954	0	0
402411.3999939244	4132974.270498368	0	0
402411.0944900792	4132974.3251553513	0	0
402410.78124239837	4132974.3812085115	0	0
402410.48348238925	4132974.4344616835	0	0
402410.16550448345	4132974.4910717933	0	0
402409.82981875265	4132974.5561734135	0	0
402409.50743105786	4132974.605199902	0	0
402409.2112732224	4132974.6983700725	0	0
402408.9021301556	4132974.778257462	0	0
402408.60793307156	4132974.861585709	0	0
402408.3178558637	4132974.940649125	0	0
402408.00685885287	4132975.027341932	0	0
402407.69393923634	4132975.110204789	0	0
402407.3950653361	4132975.2243939326	0	0
402407.0927734652	4132975.319013685	0	0
402406.78515627724	4132975.4248257605	0	0
402406.48151400615	4132975.555944532	0	0
402406.1956787389	4132975.6878720247	0	0
402405.90525057813	4132975.799657912	0	0
402405.635940579	4132975.934354872	0	0
402405.36661532323	4132976.0736218416	0	0
402405.0802612595	4132976.2060757587	0	0
402404.80342104787	4132976.3520260747	0	0
402404.5308990771	4132976.481016253	0	0
402404.2675781535	4132976.6258297847	0	0
402403.9744568157	4132976.783964248	0	0
402403.7131881999	4132976.9535046564	0	0
402403.4550400061	4132977.122495743	0	0
402403.17631533503	4132977.3173199645	0	0
402402.9224243443	4132977.5018673846	0	0
402402.6710968301	4132977.697492691	0	0
402402.4217987336	4132977.918363663	0	0
402402.1861572555	4132978.1240597675	0	0
402401.97676852276	4132978.340116591	0	0
402401.7562942795	4132978.561651323	0	0
402401.54925539944	4132978.7862072894	0	0
402401.3508987699	4132979.026105974	0	0
402401.1812668127	4132979.2917004535	0	0
402401.0132599165	4132979.5405178964	0	0
402400.8684158599	4132979.814054579	0	0
402400.73044589034	4132980.103483291	0	0
402400.58545687585	4132980.3907528818	0	0
402400.462913542	4132980.670408338	0	0
402400.34934237367	4132980.948682876	0	0
402400.253578215	4132981.2370892446	0	0
402400.1561889923	4132981.5270291287	0	0
402400.0689239794	4132981.8152218764	0	0
402399.99440005264	4132982.1225338867	0	0
402399.93344118947	4132982.4193020756	0	0
402399.8589477821	4132982.7511578533	0	0
402399.8217163369	4132983.059171766	0	0
402399.7900390908	4132983.3731823904	0	0
402399.7544555953	4132983.6934338533	0	0
402399.7154617595	4132984.02150545	0	0
402399.6941070839	4132984.323827836	0	0
402399.6755676548	4132984.642751786	0	0
402399.66416933964	4132984.9616681053	0	0
402399.6949005404	4132985.273634045	0	0
402399.70057680947	4132985.598775954	0	0
402399.71092989814	4132985.9214688283	0	0
402399.7510681441	4132986.2675152724	0	0
402399.78082278284	4132986.6107388437	0	0
402399.81481936364	4132986.916402908	0	0
402399.85292818886	4132987.229902358	0	0
402399.89104464435	4132987.5292035076	0	0
402399.94675448444	4132987.833196734	0	0
402399.99501803255	4132988.1315899817	0	0
402399.92576601973	4132988.239255994	0	0
402399.97525027196	4132988.5446454	0	0
402400.0277939115	4132988.844755262	0	0
402400.0840606961	4132989.1936016977	0	0
402400.137901334	4132989.522947403	0	0
402400.1893387113	4132989.837766739	0	0
402400.24072268495	4132990.1520062415	0	0
402400.3026123336	4132990.529974073	0	0
402400.35680392204	4132990.860784619	0	0
402400.4181366255	4132991.2352429354	0	0
402400.47827914136	4132991.602613538	0	0
402400.5298385891	4132991.9175625765	0	0
402400.5880585009	4132992.273183914	0	0
402400.6467819505	4132992.6319561903	0	0
402400.6957245162	4132992.957693196	0	0
402400.7582245145	4132993.2574826195	0	0
402400.81665804866	4132993.593305682	0	0
402400.8682556441	4132993.9116497966	0	0
402400.92177584587	4132994.2122784546	0	0
402400.97478487936	4132994.511404131	0	0
402401.0287170691	4132994.8211270277	0	0
402401.09371188097	4132995.1933957054	0	0
402401.1542740157	4132995.5394345247	0	0
402401.21733096114	4132995.899610609	0	0
402401.27378848096	4132996.222410294	0	0
402401.330284147	4132996.54545412	0	0
402401.3840484907	4132996.8527356125	0	0
402401.4437561322	4132997.194036573	0	0
402401.50014498667	4132997.5163403475	0	0
402401.55332186713	4132997.820394607	0	0
402401.6077347093	4132998.1314679105	0	0
402401.6616974169	4132998.439977739	0	0
402401.70965579024	4132998.740011304	0	0
402401.79205325176	4132999.039831253	0	0
402401.8360061927	4132999.341512775	0	0
402401.9003219883	4132999.6467953627	0	0
402401.96315768274	4132999.96576509	0	0
402402.02315524063	4133000.2654400785	0	0
402402.08312991133	4133000.566358658	0	0
402402.15159609774	4133000.909658524	0	0
402402.2115860258	4133001.2102871854	0	0
402402.2719726851	4133001.5130291907	0	0
402402.33506777807	4133001.8280774066	0	0
402402.3951950359	4133002.168432326	0	0
402402.45677950804	4133002.465612502	0	0
402402.51921084267	4133002.7905026395	0	0
402402.5858612337	4133003.1386776865	0	0
402402.6490326199	4133003.4660016	0	0
402402.7137146283	4133003.8016110384	0	0
402402.7769546786	4133004.130231951	0	0
402402.8451690946	4133004.4847470247	0	0
402402.9127807906	4133004.8359890883	0	0
402402.97780611913	4133005.173658464	0	0
402403.0353012367	4133005.4723874046	0	0
402403.093299894	4133005.7736645658	0	0
402403.1529846483	4133006.083700273	0	0
402403.2213974291	4133006.4390316927	0	0
402403.2883835116	4133006.786993117	0	0
402403.35145571595	4133007.11459932	0	0
402403.41355135874	4133007.4370251605	0	0
402403.4788131993	4133007.7760144174	0	0
402403.5462417887	4133008.1262341426	0	0
402403.60910036945	4133008.45277986	0	0
402403.6704788485	4133008.771726701	0	0
402403.73630526493	4133009.1136380164	0	0
402403.79304507293	4133009.408361527	0	0
402403.850837735	4133009.7085705725	0	0
402403.91236880154	4133010.02817354	0	0
402403.96929171524	4133010.3238965003	0	0
