-6128636.215073145	19995929.886041995	0	0
402469.4814300825	4132959.3476582495	0	0
402469.4751587191	4132959.697141737	0	0
402469.4213867475	4132960.03817949	0	0
402469.39169314335	4132960.411047076	0	0
402469.43481448013	4132960.832773298	0	0
402469.4708252225	4132961.2372570955	0	0
402469.4892120652	4132961.6093350393	0	0
402469.50704958814	4132961.9612103417	0	0
402469.52787783503	4132962.2963353116	0	0
402469.5477905556	4132962.615064711	0	0
402469.56576540816	4132962.9183178837	0	0
402469.58836367546	4132963.3007145813	0	0
402469.6074524208	4132963.618833634	0	0
402469.6278534207	4132963.9598904587	0	0
402469.65879824647	4132964.2707348787	0	0
402469.6865692412	4132964.7051526033	0	0
402469.7078399947	4132965.0507565467	0	0
402469.7303772264	4132965.412275406	0	0
402469.7290344519	4132965.7330151503	0	0
402469.63865664497	4132966.1130810697	0	0
402469.4909973416	4132966.4062558142	0	0
402469.34550478845	4132966.7283535935	0	0
402469.2362976351	4132967.0193539583	0	0
402469.14584353304	4132967.3803616487	0	0
402469.0681915558	4132967.8026791536	0	0
402468.9788971236	4132968.275030226	0	0
402468.8772430696	4132968.7496853797	0	0
402468.78984072537	4132969.181966869	0	0
402468.7584533981	4132969.558828443	0	0
402468.78614809876	4132969.900602431	0	0
402468.7980041795	4132970.228406999	0	0
402468.75730898813	4132970.540334793	0	0
402468.7116852089	4132970.8496762244	0	0
402468.72003176593	4132971.1937314	0	0
402468.74082949513	4132971.5357953026	0	0
402468.72982790944	4132971.8604336726	0	0
402468.69018557586	4132972.3163281432	0	0
402468.66801455413	4132972.6336499187	0	0
402468.6485290801	4132973.0221081697	0	0
402468.6418457307	4132973.4174405076	0	0
402468.6690674118	4132973.764883134	0	0
402468.74386599497	4132974.0754300095	0	0
402468.8689270292	4132974.3909436143	0	0
402469.01895144506	4132974.707265947	0	0
402469.17190554464	4132974.9923382695	0	0
402469.3978271758	4132975.3561383197	0	0
402469.5525207808	4132975.7194500887	0	0
402469.6389618197	4132976.083990191	0	0
402469.6801300329	4132976.39320192	0	0
402469.6391144085	4132976.7291317917	0	0
402469.7031860644	4132977.086248491	0	0
402469.78698733216	4132977.420492266	0	0
402469.84222414985	4132977.737173172	0	0
402469.90399172815	4132978.032796951	0	0
402469.96995547356	4132978.3652859684	0	0
402469.9733581834	4132978.6814099276	0	0
402470.02476504224	4132979.0407544095	0	0
402470.092254666	4132979.3987561166	0	0
402470.1734314241	4132979.712148757	0	0
402470.21780398226	4132980.012235731	0	0
402470.26771548233	4132980.3111706707	0	0
402470.33923342556	4132980.7096386855	0	0
402470.3943786894	4132981.0204983656	0	0
402470.4505005166	4132981.34116182	0	0
402470.51127627405	4132981.690107438	0	0
402470.5787201209	4132982.076376052	0	0
402470.6547851836	4132982.510892957	0	0
402470.73312380794	4132982.958013623	0	0
402470.80216982757	4132983.351934522	0	0
402470.8820953652	4132983.808591933	0	0
402470.9632263457	4132984.2719479506	0	0
402471.0455932907	4132984.742384047	0	0
402471.13087466126	4132985.2297879164	0	0
402471.21743777324	4132985.7243405343	0	0
402471.3080292034	4132986.2417279207	0	0
402471.3993683133	4132986.7632885915	0	0
402471.4925079637	4132987.295362563	0	0
402471.5826111111	4132987.810148331	0	0
402471.67428591667	4132988.3339062664	0	0
402471.7667236616	4132988.861997698	0	0
402471.9036865523	4132989.6441479656	0	0
402471.9967041289	4132990.17558107	0	0
402472.0969848909	4132990.7483044565	0	0
402472.19770815736	4132991.3235531794	0	0
402472.29544070084	4132991.863439651	0	0
402472.39910891396	4132992.3712140033	0	0
402472.4988708775	4132992.8956891047	0	0
402472.5983734422	4132993.4415265024	0	0
402472.6936645792	4132993.967786884	0	0
402472.7853393845	4132994.468420119	0	0
402472.8797149935	4132994.9787045433	0	0
402472.97552492935	4132995.4957409804	0	0
402473.0717315958	4132996.0158673236	0	0
402473.1699219022	4132996.5476895263	0	0
402473.26852419844	4132997.08233461	0	0
402473.3707275679	4132997.6360913212	0	0
402473.47763064364	4132998.2153683626	0	0
402473.53427126724	4132998.5221081674	0	0
402473.59135439905	4132998.8312588646	0	0
402473.65072634595	4132999.152715775	0	0
402473.7118377961	4132999.483724683	0	0
402473.7731781284	4132999.8161068875	0	0
402473.83583071677	4133000.155469986	0	0
402473.897583036	4133000.490095229	0	0
402473.95872500434	4133000.8212491022	0	0
402474.02069094573	4133001.157140824	0	0
402474.0826111125	4133001.4925290057	0	0
402474.1457672405	4133001.8346234313	0	0
402474.20820620423	4133002.1728497487	0	0
402474.3332519814	4133002.8502026526	0	0
402474.443618802	4133003.447919937	0	0
402474.50311282027	4133003.77018556	0	0
402474.5608215622	4133004.0827618567	0	0
402474.61676028214	4133004.3856945913	0	0
402474.7235718061	4133004.964315507	0	0
402474.82443240227	4133005.510419938	0	0
402474.9198913862	4133006.027616595	0	0
402475.01049807447	4133006.5183011037	0	0
402475.0960998823	4133006.984068006	0	0
402475.1757812781	4133007.425283523	0	0
402475.2514496136	4133007.8429242084	0	0
402475.324295072	4133008.2394314725	0	0
402475.4280395786	4133008.7989407456	0	0
402475.4915924346	4133009.1446362436	0	0
402475.55174258235	4133009.4820309593	0	0
402475.60919192235	4133009.8057309133	0	0
402475.6872711468	4133010.2416058485	0	0
402475.74906924093	4133010.578153703	0	0
402475.85122683406	4133011.1314831674	0	0
402475.92370608205	4133011.526517959	0	0
402476.0014038374	4133011.9514218266	0	0
402476.0818939494	4133012.401990984	0	0
402476.1643829636	4133012.8594265934	0	0
402476.25271609344	4133013.3400708153	0	0
402476.3485412872	4133013.849874586	0	0
402476.451766997	4133014.394697283	0	0
402476.55726626323	4133014.961019607	0	0
402476.6117706569	4133015.2573910705	0	0
402476.66795351944	4133015.564497086	0	0
402476.72404482897	4133015.8733502333	0	0
402476.7808227813	4133016.1908245985	0	0
402476.83702090307	4133016.5090924236	0	0
402476.8940735135	4133016.834783646	0	0
402476.9500122359	4133017.1571484543	0	0
402477.0041504185	4133017.475523085	0	0
402477.0826874068	4133017.934202285	0	0
402477.13760378823	4133018.2482739417	0	0
402477.19200137176	4133018.5531979515	0	0
402477.2957458782	4133019.1332913353	0	0
402477.3881531046	4133019.6677304213	0	0
402477.4748535438	4133020.1811886765	0	0
402477.55624392396	4133020.6840725867	0	0
402477.6379852571	4133021.1729718177	0	0
402477.76988223125	4133021.921552747	0	0
402477.8510742469	4133022.3815670945	0	0
402477.93356325984	4133022.852232071	0	0
402478.0154571818	4133023.3275280893	0	0
402478.1022033979	4133023.825849624	0	0
402478.19546511705	4133024.356725783	0	0
402478.29026797134	4133024.906927199	0	0
402478.3884582795	4133025.4806576716	0	0
402478.48764041	4133026.004186721	0	0
402478.60014346085	4133026.4719601586	0	0
402478.70187380764	4133026.8914395273	0	0
402478.7855377483	4133027.2752819965	0	0
402478.85182192794	4133027.6299115154	0	0
402478.9140167517	4133027.9564724867	0	0
402478.9755707066	4133028.255079359	0	0
402479.04077151156	4133028.563078019	0	0
402479.09852602996	4133028.8651410053	0	0
402479.1679077429	4133029.2196026775	0	0
402479.2357940949	4133029.5610180814	0	0
402479.30632021895	4133029.9149609497	0	0
402479.3856659214	4133030.2857953054	0	0
402479.47428896953	4133030.6977978656	0	0
402479.5655365267	4133031.1429577763	0	0
402479.6272735869	4133031.448698137	0	0
402479.6917419721	4133031.7650738643	0	0
402479.7599335008	4133032.079603284	0	0
402479.8271179471	4133032.395124525	0	0
402479.88745120104	4133032.6922741854	0	0
402479.9710846228	4133033.098676772	0	0
402480.0527649196	4133033.4620037987	0	0
402480.1222381863	4133033.793226329	0	0
402480.1820373816	4133034.095716569	0	0
402480.2515411669	4133034.4397717407	0	0
402480.3346710483	4133034.791868303	0	0
402480.41973879724	4133035.131757828	0	0
402480.50363162084	4133035.540021988	0	0
402480.5905914586	4133035.9729596097	0	0
402480.66386416415	4133036.3236218393	0	0
402480.74824526685	4133036.7261486948	0	0
402480.84399416775	4133037.1997052156	0	0
402480.94862368505	4133037.709135147	0	0
402481.0612488063	4133038.214109511	0	0
402481.1688843051	4133038.69962892	0	0
402481.28068545344	4133039.227018448	0	0
402481.3936920452	4133039.7939892737	0	0
402481.50131228357	4133040.365690325	0	0
402481.5587158492	4133040.661817644	0	0
402481.6783447553	4133041.248884293	0	0
402481.742202788	4133041.5507031414	0	0
402481.8061828902	4133041.8503552387	0	0
402481.8680420209	4133042.145109269	0	0
402481.9799957562	4133042.7157269414	0	0
402482.0835418974	4133043.264402478	0	0
402482.1892242704	4133043.7927075345	0	0
402482.2929077429	4133044.3013897827	0	0
402482.38131716603	4133044.794309709	0	0
402482.464920072	4133045.269529434	0	0
402482.53381350543	4133045.7281018235	0	0
402482.60008242656	4133046.17153749	0	0
402482.6637420944	4133046.6021710355	0	0
402482.73716738645	4133047.020750136	0	0
402482.79685976997	4133047.4212017953	0	0
402482.8293152146	4133047.81377992	0	0
402482.8714752468	4133048.203260512	0	0
402482.9267578398	4133048.6257153447	0	0
402482.99111941305	4133049.0897808983	0	0
402483.0620727829	4133049.5944500887	0	0
402483.1420135775	4133050.154554456	0	0
402483.22734072525	4133050.751188366	0	0
402483.2698211957	4133051.0576611473	0	0
402483.31129458395	4133051.3765850994	0	0
402483.35267641884	4133051.7050457937	0	0
402483.39434817346	4133052.036161516	0	0
402483.4832916545	4133052.7089215233	0	0
402483.53056338313	4133053.0310955956	0	0
402483.58398440323	4133053.341032117	0	0
402483.640853911	4133053.6426526015	0	0
402483.6938019072	4133053.9380475036	0	0
402483.78717043815	4133054.51879701	0	0
402483.8317413601	4133054.817869278	0	0
402483.9220886502	4133055.403898329	0	0
402484.0789642617	4133056.2223187364	0	0
402484.1726074502	4133056.705534074	0	0
402484.2819366745	4133057.1630078256	0	0
402484.39120486274	4133057.5699292123	0	0
402484.50733950635	4133057.9742413475	0	0
402484.6364441205	4133058.3505078284	0	0
402484.7833557417	4133058.6968670813	0	0
402484.91836550704	4133059.0370617826	0	0
402485.0261230748	4133059.413084121	0	0
402485.1325989059	4133059.8270092895	0	0
402485.2586670212	4133060.2881146404	0	0
402485.3957824983	4133060.761243911	0	0
402485.5351257615	4133061.2082501375	0	0
402485.65742495505	4133061.617170426	0	0
402485.71931460395	4133061.987791152	0	0
402485.7344360626	4133062.3397198636	0	0
402485.8047638219	4133062.7729321453	0	0
402485.87393191346	4133063.0803967416	0	0
402485.93080142036	4133063.378645033	0	0
402486.0198364541	4133063.825559707	0	0
402486.084365873	4133064.1469860985	0	0
402486.15791323606	4133064.4981366135	0	0
402486.2366638469	4133064.88273439	0	0
402486.3078155803	4133065.2446576064	0	0
402486.39585879166	4133065.6976300175	0	0
402486.4917297643	4133066.1830731374	0	0
402486.59280398395	4133066.698118301	0	0
402486.70315554587	4133067.254331679	0	0
402486.88778689393	4133068.1797772367	0	0
402486.95407107344	4133068.5197125394	0	0
402487.0228271765	4133068.874357315	0	0
402487.093566923	4133069.2402783385	0	0
402487.1641540802	4133069.6040631244	0	0
402487.23013308534	4133069.9572430565	0	0
402487.28584292403	4133070.2954388577	0	0
402487.32719424245	4133070.61910829	0	0
402487.3592987338	4133070.931028458	0	0
402487.40448000905	4133071.515058608	0	0
402487.429794339	4133072.0589581453	0	0
402487.43081667955	4133072.5509472797	0	0
402487.3825378697	4133072.9816571185	0	0
402487.28211977956	4133073.350339977	0	0
402487.1477813993	4133073.6648083655	0	0
402487.0039215375	4133073.935331435	0	0
402486.7548675821	4133074.310560317	0	0
